1	1.68359
2	1.68213
3	1.79036
4	2.14062
5	3.3209
6	4.20589
7	4.80594
8	2.7627
9	3.06055
10	3.19277
11	3.25426
12	3.74609
13	4.33909
14	3.18192
15	3.15846
16	3.13818
17	3.19732
18	3.2404
19	3.29914
20	3.24072
21	3.2812
22	3.30771
23	3.34074
24	3.35994
25	3.37965
26	3.40771
27	3.42412
28	3.44339
29	3.4674
30	3.47585
31	3.49915
32	3.51718
33	3.52767
34	3.54337
35	3.54713
36	3.55832
37	3.57242
38	3.58157
39	3.593
40	3.61284
41	3.62064
42	3.62033
43	3.63047
44	3.66231
45	3.64878
46	3.66657
47	3.66315
48	3.7219
49	3.73025
50	3.77188
51	3.8219
52	3.85044
53	3.92202
54	3.93569
55	3.9568
56	3.99163
57	4.02327
58	4.06102
59	4.09155
60	4.11685
61	4.14234
62	4.24201
63	4.1893
64	4.24474
65	4.2498
66	4.28098
67	4.32211
68	4.34941
69	4.35319
70	4.36416
71	4.43866
72	4.44497
73	4.68527
74	4.50619
75	4.51546
76	4.64436
77	4.58031
78	4.61053
79	4.59643
80	4.75566
81	4.6172
82	4.75179
83	4.66133
84	4.66672
85	4.71079
86	4.70482
87	4.82724
88	4.85248
89	4.88077
90	4.89338
91	4.87648
92	4.85722
93	4.77005
94	4.78212
95	4.81625
96	4.9484
97	5.00667
98	4.83084
99	5.31353
100	5.11183
101	5.02089
102	5.21118
103	5.07511
104	5.06812
105	5.08708
106	5.27455
107	5.33545
108	5.06783
109	5.49987
110	5.25895
111	5.58542
112	5.46875
113	5.57556
114	5.53789
115	5.34944
116	5.40515
117	5.6188
118	5.4394
119	5.63385
120	5.83554
121	5.86085
122	5.53091
123	5.95731
124	6.00815
125	5.97745
126	5.72766
127	6.16401
128	6.0544
129	6.14022
130	6.01914
131	6.13269
132	6.25471
133	6.49827
134	6.5183
135	5.84523
136	6.34501
137	6.13776
138	6.30913
139	6.5212
140	6.18405
141	6.44293
142	6.19051
143	6.55666
144	6.20958
145	6.46845
146	6.22135
147	6.33636
148	6.64736
149	6.95187
150	6.38615
151	6.66996
152	6.76085
153	6.65972
154	6.64639
155	6.70985
156	6.66126
157	7.00383
158	7.05791
159	7.04762
160	6.95242
161	6.88916
162	6.92118
163	6.86559
164	7.09531
165	7.36888
166	7.09634
167	7.21311
168	7.32513
169	7.32704
170	7.48257
171	7.44493
172	7.58238
173	7.33858
174	7.43261
175	7.62879
176	7.5796
177	7.60844
178	7.59405
179	7.96336
180	7.64505
181	7.65683
182	7.72957
183	7.92805
184	8.04954
185	8.03941
186	7.97531
187	7.91018
188	7.98684
189	8.13372
190	8.25849
191	7.97523
192	8.23493
193	8.14238
194	8.76589
195	8.23809
196	8.08029
197	8.14199
198	8.23961
199	8.27044
200	8.31149
201	8.43735
202	8.33838
203	8.41305
204	8.49537
205	8.53703
206	8.5622
207	8.6474
208	8.63931
209	8.81909
210	8.92001
211	8.81773
212	8.77276
213	8.83508
214	8.83138
215	8.90738
216	8.88768
217	8.94867
218	9.06949
219	9.07491
220	9.05408
221	9.16944
222	9.4385
223	9.22578
224	9.27243
225	9.1407
226	9.23258
227	9.28888
228	9.94496
229	9.6155
230	9.70673
231	9.67789
232	9.64516
233	9.94816
234	9.49348
235	9.59038
236	9.59062
237	9.6187
238	9.70968
239	10.125
240	9.78308
241	9.72529
242	9.80754
243	9.91857
244	9.91259
245	9.85562
246	9.87387
247	9.90047
248	9.95137
249	9.95135
250	10.1169
251	10.1146
252	10.2218
253	10.507
254	10.1749
255	10.1986
256	10.1871
257	10.3046
258	10.2805
259	10.2899
260	10.2863
261	10.3707
262	10.339
263	10.3888
264	10.4261
265	10.4203
266	10.4521
267	10.4648
268	10.5044
269	10.5468
270	10.5509
271	10.585
272	10.6081
273	10.6178
274	10.6376
275	10.6834
276	10.7002
277	10.7434
278	10.7684
279	10.8822
280	10.8074
281	10.9864
282	11.4142
283	12.0596
284	10.9925
285	11.1968
286	10.9604
287	11.069
288	11.1062
289	11.2168
290	11.4586
291	11.1691
292	11.2652
293	11.4626
294	11.2668
295	11.299
296	11.7074
297	11.6664
298	11.7458
299	11.4524
300	11.387
301	11.4026
302	11.4161
303	12.9369
304	11.9024
305	11.8446
306	11.5124
307	11.7799
308	11.5506
309	11.6333
310	12.4896
311	12.0183
312	11.7787
313	11.729
314	11.774
315	11.6847
316	12.0163
317	12.028
318	11.8331
319	11.7675
320	11.9381
321	11.8062
322	12.0564
323	11.8629
324	12.278
325	12.0725
326	11.9268
327	11.9205
328	11.942
329	12.1332
330	13.4023
331	12.4619
332	12.0674
333	12.2315
334	12.0771
335	12.0576
336	12.3295
337	12.3487
338	12.3478
339	12.6814
340	12.9079
341	12.8814
342	12.2733
343	12.9268
344	13.1828
345	12.465
346	12.2431
347	12.3599
348	12.4116
349	12.3191
350	12.3163
351	12.3883
352	12.3552
353	12.3658
354	12.3902
355	12.4072
356	12.4907
357	12.4674
358	12.4357
359	12.4454
360	12.475
361	12.5124
362	12.4954
363	12.9778
364	13.2072
365	14.2854
366	14.1732
367	12.5949
368	12.596
369	12.9047
370	12.6395
371	12.617
372	12.6472
373	12.6516
374	12.6999
375	12.7082
376	12.6703
377	12.7179
378	12.8057
379	12.7509
380	12.8126
381	12.77
382	12.8209
383	12.8486
384	12.8575
385	12.881
386	12.9394
387	12.8727
388	12.8976
389	12.9228
390	12.9318
391	12.9539
392	12.9679
393	12.9978
394	13.0184
395	16.4378
396	16.6191
397	13.0209
398	13.0287
399	13.0414
400	14.6132
401	13.251
402	14.643
403	14.9517
404	13.7246
405	13.1286
406	13.1319
407	13.1639
408	13.1597
409	13.1717
410	13.2392
411	13.2063
412	13.2042
413	13.1816
414	13.2395
415	13.2161
416	13.2193
417	13.2355
418	13.2501
419	13.2897
420	13.2541
421	13.4248
422	13.3113
423	13.3231
424	13.3908
425	13.3353
426	13.3551
427	13.3518
428	13.443
429	13.3726
430	13.3892
431	13.4108
432	13.4097
433	13.4022
434	13.4362
435	13.465
436	13.4655
437	13.4858
438	13.4696
439	13.488
440	13.4856
441	13.5126
442	13.5183
443	13.5443
444	13.5435
445	13.5847
446	13.5714
447	13.5826
448	13.6031
449	13.5849
450	13.6173
451	13.597
452	13.6208
453	13.6249
454	13.6504
455	13.6332
456	14.8114
457	14.9129
458	14.7951
459	14.9095
460	13.6934
461	13.7032
462	14.8908
463	14.9831
464	14.8797
465	13.7197
466	13.8503
467	14.7873
468	13.7517
469	13.7725
470	13.7748
471	13.7795
472	13.7994
473	14.9148
474	13.8388
475	13.8118
476	13.8247
477	13.8232
478	13.8357
479	13.8562
480	13.8925
481	13.8626
482	13.8598
483	13.8602
484	13.8789
485	13.9009
486	13.8875
487	13.918
488	13.9305
489	13.9242
490	13.9206
491	13.9192
492	13.935
493	13.9675
494	13.9571
495	13.9527
496	13.9667
497	14.0026
498	13.9741
499	13.9822
500	14.0109
501	14.018
502	14.0024
503	14.0708
504	14.0398
505	14.0279
506	14.0521
507	14.0691
508	14.063
509	14.0815
510	14.0896
511	14.0834
512	14.0972
513	14.0958
514	14.1257
515	14.1055
516	14.1156
517	14.1054
518	14.1315
519	14.1418
520	14.1326
521	14.1418
522	14.1677
523	14.1756
524	14.1824
525	14.1808
526	14.1788
527	14.1898
528	14.2145
529	14.2146
530	14.2225
531	14.2391
532	14.2363
533	14.2403
534	14.2477
535	14.266
536	14.2728
537	14.2794
538	14.2739
539	14.2644
540	14.278
541	14.2879
542	14.3037
543	14.3118
544	14.3211
545	14.3189
546	14.3265
547	14.3374
548	14.3376
549	14.3272
550	14.3576
551	15.4282
552	15.8293
553	16.1414
554	16.0639
555	23.3206
556	20.6243
557	15.459
558	14.6378
559	14.5104
560	14.5062
561	14.5277
562	14.4954
563	14.8638
564	14.6757
565	15.1074
566	14.8498
567	14.5099
568	14.4739
569	16.4139
570	14.4762
571	14.4908
572	15.4918
573	15.4589
574	15.5185
575	15.5397
576	15.4982
577	14.5442
578	14.5242
579	14.5953
580	15.5342
581	17.1317
582	20.0998
583	15.6136
584	14.6855
585	14.786
586	14.7364
587	14.6118
588	14.5944
589	14.6711
590	14.6344
591	15.0532
592	14.661
593	14.6345
594	14.6135
595	14.6151
596	15.0526
597	14.6604
598	15.7316
599	14.7564
600	14.6545
601	14.7917
602	14.7912
603	15.0071
604	14.8257
605	14.8437
606	14.8575
607	14.8252
608	15.2338
609	15.7851
610	15.2659
611	15.2381
612	15.6538
613	14.8526
614	14.8871
615	23.0063
616	17.8192
617	15.0338
618	14.9844
619	15.5073
620	15.8974
621	15.7586
622	15.0872
623	16.306
624	14.9478
625	15.0734
626	15.056
627	15.1405
628	14.9242
629	14.9393
630	14.9468
631	14.9641
632	15.0222
633	15.1779
634	15.1508
635	15.0865
636	16.1288
637	16.9433
638	16.0396
639	24.2128
640	15.1
641	15.177
642	15.0058
643	15.1649
644	15.0146
645	15.0876
646	15.0481
647	15.1591
648	15.0377
649	15.1545
650	15.1097
651	15.052
652	15.0601
653	15.0927
654	15.0583
655	15.0589
656	15.0831
657	15.0801
658	15.0793
659	15.089
660	15.0889
661	15.1049
662	15.0915
663	15.0994
664	15.1113
665	15.1182
666	15.1237
667	15.146
668	15.1434
669	15.1487
670	15.1696
671	15.1477
672	15.1446
673	15.1575
674	15.1623
675	15.1617
676	15.1689
677	15.1648
678	15.1719
679	15.1914
680	15.1943
681	15.2024
682	15.2013
683	15.1991
684	15.2191
685	15.2085
686	15.2124
687	15.2125
688	15.2273
689	15.2368
690	15.2164
691	15.2276
692	15.2335
693	15.2523
694	15.2341
695	15.2443
696	15.2478
697	15.2833
698	15.2596
699	15.2573
700	15.2599
701	15.2714
702	15.2716
703	15.2667
704	15.2933
705	15.2933
706	15.3065
707	15.3108
708	15.2891
709	15.3042
710	15.3071
711	15.3115
712	15.3322
713	15.3101
714	15.3426
715	15.3253
716	15.349
717	15.338
718	15.34
719	15.3654
720	15.3419
721	15.3607
722	15.3713
723	15.368
724	15.3897
725	15.3645
726	15.3616
727	15.3829
728	15.3877
729	15.404
730	15.3916
731	15.3862
732	15.4143
733	15.4282
734	15.4008
735	15.3978
736	15.4276
737	15.418
738	15.4485
739	15.4285
740	15.4372
741	15.4289
742	15.4251
743	15.4606
744	15.4467
745	15.4364
746	15.4714
747	16.2668
748	15.4807
749	15.4729
750	15.4801
751	15.4696
752	15.4694
753	15.4808
754	15.5025
755	15.5105
756	15.4854
757	15.5163
758	15.5111
759	15.4925
760	15.4948
761	15.5125
762	15.51
763	15.5168
764	15.5153
765	15.5245
766	15.5258
767	15.5223
768	15.5415
769	15.5254
770	15.5413
771	15.5431
772	15.5719
773	15.6308
774	15.5562
775	15.5644
776	15.5479
777	15.5705
778	15.5704
779	15.5684
780	15.5625
781	15.5835
782	15.5549
783	15.5774
784	15.6012
785	15.6313
786	15.594
787	15.6134
788	15.6048
789	15.6096
790	15.6051
791	15.5896
792	15.6306
793	15.6113
794	15.6213
795	15.6229
796	15.6345
797	15.6248
798	15.6489
799	15.6442
800	15.6479
801	15.6454
802	15.6708
803	15.6505
804	15.6502
805	15.6503
806	15.6593
807	15.6996
808	15.7095
809	15.6874
810	15.6767
811	15.6774
812	15.697
813	15.6794
814	15.6801
815	15.7045
816	15.695
817	15.7032
818	15.7096
819	15.712
820	15.7012
821	15.7313
822	15.7251
823	15.706
824	15.7336
825	15.7145
826	15.7319
827	15.7364
828	15.7163
829	15.7309
830	15.7483
831	15.7618
832	15.7535
833	15.7486
834	15.7392
835	15.7492
836	15.7471
837	15.7539
838	15.7776
839	15.7726
840	15.7888
841	15.7765
842	15.7602
843	15.8118
844	15.792
845	15.8168
846	15.8129
847	16.0703
848	15.9526
849	15.9714
850	15.9344
851	15.922
852	15.908
853	15.8041
854	15.8198
855	15.818
856	15.834
857	15.8423
858	15.8058
859	15.8312
860	15.8584
861	15.8393
862	15.8661
863	15.8328
864	15.8517
865	15.8856
866	15.8574
867	15.8597
868	15.8599
869	15.8557
870	15.8725
871	15.8594
872	15.8611
873	15.9143
874	15.8697
875	15.8825
876	15.8644
877	15.8834
878	15.8956
879	15.8929
880	15.9073
881	15.9383
882	15.9362
883	15.9512
884	15.9917
885	15.976
886	15.9546
887	15.9801
888	15.9532
889	15.9459
890	15.9697
891	15.9566
892	15.9612
893	15.9614
894	15.9418
895	15.9573
896	15.9614
897	15.9768
898	15.9797
899	16.0012
900	15.9976
901	16.0053
902	16.0392
903	16.0542
904	16.0782
905	16.0768
906	16.1209
907	16.1286
908	16.0803
909	16.0761
910	16.0949
911	16.0827
912	16.0855
913	16.0758
914	16.086
915	16.0935
916	16.0969
917	16.1229
918	16.1403
919	16.1316
920	16.1714
921	16.1594
922	16.1783
923	16.1705
924	16.1664
925	16.1929
926	16.1954
927	16.2035
928	16.2571
929	16.2195
930	16.2658
931	16.245
932	16.2332
933	16.2557
934	16.3135
935	16.5794
936	17.4495
937	16.2715
938	16.3045
939	16.3554
940	16.3533
941	16.3397
942	17.146
943	16.5259
944	16.4789
945	16.2146
946	16.342
947	16.3187
948	16.3558
949	16.3876
950	16.3537
951	16.3839
952	16.38
953	16.3859
954	16.3977
955	16.4193
956	16.4304
957	16.4069
958	16.477
959	16.5044
960	16.4564
961	16.2819
962	16.4624
963	16.4846
964	16.4589
965	16.4833
966	16.5498
967	16.4672
968	16.5219
969	16.5014
970	16.517
971	16.4961
972	16.5131
973	16.532
974	16.5303
975	16.532
976	16.5304
977	16.5558
978	16.6339
979	16.5978
980	16.6382
981	16.5921
982	16.5791
983	16.5774
984	16.5933
985	16.6066
986	16.648
987	16.6451
988	16.6132
989	16.6236
990	16.6332
991	16.6427
992	16.6676
993	16.6533
994	16.6616
995	16.6571
996	16.6754
997	16.6938
998	16.5369
999	16.5492
1000	16.582
1001	16.5748
1002	16.7032
1003	16.6335
1004	16.5794
1005	16.6116
1006	16.7024
1007	16.6683
1008	16.5949
1009	16.6031
1010	16.6838
1011	16.6355
1012	16.6192
1013	16.6421
1014	16.6361
1015	16.6518
1016	16.6499
1017	16.6855
1018	16.7311
1019	16.8001
1020	18.5955
1021	18.3333
1022	16.7728
1023	16.7497
1024	16.7934
1025	16.6998
1026	16.7291
1027	16.762
1028	16.8086
1029	16.7687
1030	16.7515
1031	18.0254
1032	18.3333
1033	18.2947
1034	16.7859
1035	16.7718
1036	16.7787
1037	16.8289
1038	16.8189
1039	16.7784
1040	16.7899
1041	16.8597
1042	18.1251
1043	16.8446
1044	18.7191
1045	16.79
1046	16.8499
1047	16.8154
1048	16.836
1049	16.8634
1050	16.8293
1051	16.8418
1052	16.8521
1053	16.9279
1054	16.8524
1055	16.904
1056	16.8605
1057	16.9702
1058	16.8718
1059	16.8741
1060	16.882
1061	16.9568
1062	16.9409
1063	16.9135
1064	17.0821
1065	18.7543
1066	16.9992
1067	16.9368
1068	17.0029
1069	16.9418
1070	16.941
1071	16.9493
1072	16.9524
1073	16.9521
1074	16.9871
1075	16.9852
1076	16.6813
1077	16.9727
1078	16.9843
1079	18.8298
1080	19.0181
1081	16.9909
1082	16.999
1083	17.0306
1084	18.7947
1085	18.2303
1086	17.117
1087	17.0778
1088	17.0495
1089	17.1056
1090	17.0593
1091	17.0532
1092	17.2462
1093	19.1129
1094	17.1421
1095	17.0816
1096	17.1176
1097	17.0556
1098	17.1904
1099	17.1922
1100	17.1111
1101	17.1036
1102	17.1295
1103	17.1422
1104	17.1309
1105	17.126
1106	16.8832
1107	17.1163
1108	17.1629
1109	17.13
1110	17.1684
1111	18.7026
1112	18.7285
1113	17.2435
1114	17.1518
1115	18.2674
1116	17.2635
1117	17.4281
1118	17.2516
1119	17.2302
1120	17.7384
1121	19.0501
1122	30.3478
1123	21.0842
1124	17.2115
1125	17.282
1126	17.2751
1127	40.696
1128	17.4484
1129	17.0617
1130	17.3392
1131	17.3596
1132	17.4346
1133	17.4634
1134	17.4344
1135	17.5002
1136	17.4275
1137	17.5024
1138	17.5284
1139	17.4195
1140	17.4311
1141	17.4337
1142	17.516
1143	17.561
1144	17.476
1145	17.5053
1146	17.4607
1147	17.4504
1148	17.4858
1149	17.4886
1150	17.5327
1151	17.5379
1152	17.5499
1153	17.4763
1154	17.5546
1155	17.5798
1156	17.6484
1157	17.5453
1158	17.6617
1159	17.532
1160	17.5272
1161	17.6048
1162	17.6226
1163	17.5394
1164	17.5537
1165	17.7001
1166	17.6164
1167	17.7273
1168	17.5787
1169	17.5608
1170	17.6377
1171	17.6217
1172	17.5907
1173	17.597
1174	17.6171
1175	17.7192
1176	17.6952
1177	17.759
1178	17.6854
1179	17.5153
1180	17.5023
1181	17.4516
1182	17.539
1183	17.3168
1184	17.5064
1185	17.4809
1186	17.4877
1187	17.5207
1188	17.5461
1189	17.4728
1190	17.5564
1191	17.5081
1192	17.5281
1193	17.5607
1194	17.5721
1195	17.6966
1196	17.7889
1197	17.8024
1198	17.7972
1199	17.7271
1200	17.7093
1201	17.7727
1202	17.7369
1203	17.6962
1204	17.7288
1205	17.7699
1206	17.726
1207	17.7078
1208	17.7718
1209	17.7388
1210	17.8447
1211	17.7187
1212	17.8243
1213	17.8791
1214	17.7349
1215	17.86
1216	17.8044
1217	17.8343
1218	17.7727
1219	17.9089
1220	17.8363
1221	17.8321
1222	17.8115
1223	17.7599
1224	17.8736
1225	17.8654
1226	17.9321
1227	18.064
1228	17.7861
1229	17.8528
1230	17.8126
1231	17.8286
1232	17.8304
1233	17.833
1234	17.8794
1235	17.844
1236	17.914
1237	17.9087
1238	17.9958
1239	17.9673
1240	17.9564
1241	17.8671
1242	17.8218
1243	17.945
1244	17.9152
1245	17.8584
1246	17.887
1247	17.8611
1248	17.877
1249	17.9283
1250	17.9091
1251	18.0229
1252	18.065
1253	17.9001
1254	17.8764
1255	17.9134
1256	17.9121
1257	17.8921
1258	17.9832
1259	17.9171
1260	17.9374
1261	17.9736
1262	18.2184
1263	17.9707
1264	18.1044
1265	18.2067
1266	18.0676
1267	18.0415
1268	18.1773
1269	18.0166
1270	18.0861
1271	17.9916
1272	17.9358
1273	17.9379
1274	18.0443
1275	18.0328
1276	17.9425
1277	17.938
1278	17.9381
1279	18.0259
1280	18.0285
1281	17.9697
1282	17.9521
1283	18.0294
1284	18.0456
1285	18.0393
1286	18.0877
1287	18.0177
1288	18.088
1289	18.1804
1290	18.1595
1291	18.2103
1292	18.1561
1293	18.2369
1294	18.1779
1295	18.0692
1296	18.1415
1297	18.1165
1298	18.0501
1299	18.1272
1300	18.1518
1301	18.2795
1302	18.1651
1303	18.3058
1304	18.1249
1305	18.0594
1306	17.9125
1307	18.1266
1308	18.1105
1309	18.1254
1310	18.1452
1311	18.1409
1312	18.176
1313	18.0853
1314	18.102
1315	18.1769
1316	18.1038
1317	18.1116
1318	18.1542
1319	18.1168
1320	18.221
1321	18.026
1322	18.3882
1323	18.3721
1324	18.3585
1325	18.3638
1326	18.3692
1327	18.3592
1328	18.3721
1329	18.2263
1330	18.27
1331	18.3926
1332	18.1733
1333	18.2054
1334	18.167
1335	18.2604
1336	18.0489
1337	18.3913
1338	18.4758
1339	18.5343
1340	18.2862
1341	18.1816
1342	18.2889
1343	18.1842
1344	18.3285
1345	18.3598
1346	18.3832
1347	18.0451
1348	18.1272
1349	18.4225
1350	18.1125
1351	18.2578
1352	18.4141
1353	18.2294
1354	18.2197
1355	18.2065
1356	18.1982
1357	18.1403
1358	18.2045
1359	18.3833
1360	18.3791
1361	18.454
1362	18.5877
1363	18.3348
1364	18.4925
1365	18.4427
1366	18.6079
1367	18.421
1368	18.5076
1369	18.335
1370	18.442
1371	18.5091
1372	18.3817
1373	18.5472
1374	18.4677
1375	18.4444
1376	18.6137
1377	18.4008
1378	18.2125
1379	18.3493
1380	18.4469
1381	18.405
1382	18.6888
1383	18.4216
1384	18.6403
1385	18.3601
1386	18.5045
1387	18.5109
1388	18.7128
1389	18.4657
1390	18.5407
1391	18.5927
1392	18.6714
1393	18.7217
1394	18.43
1395	18.4516
1396	18.5626
1397	18.5186
1398	18.5092
1399	18.6048
1400	18.6122
1401	18.8183
1402	18.7655
1403	18.4781
1404	18.6966
1405	18.8428
1406	18.8418
1407	18.7218
1408	18.9303
1409	18.8435
1410	18.7694
1411	18.8884
1412	19.0242
1413	18.6807
1414	18.6156
1415	18.6158
1416	18.7139
1417	18.6543
1418	18.7385
1419	18.9033
1420	18.9399
1421	18.8436
1422	18.9594
1423	18.6788
1424	18.7449
1425	18.7719
1426	18.8529
1427	18.7183
1428	18.9784
1429	18.7636
1430	18.7746
1431	18.6267
1432	18.6776
1433	18.916
1434	18.8923
1435	18.7327
1436	18.7965
1437	18.7877
1438	18.7558
1439	18.8635
1440	18.8813
1441	18.9508
1442	19.0796
1443	18.5923
1444	18.7589
1445	18.7464
1446	18.9597
1447	18.6548
1448	18.8992
1449	19.5394
1450	18.8817
1451	18.8028
1452	19.1158
1453	18.8392
1454	18.808
1455	18.8225
1456	18.8182
1457	19.3342
1458	19.2114
1459	18.9956
1460	18.9007
1461	18.8965
1462	18.6389
1463	18.8961
1464	18.8434
1465	18.4971
1466	18.6848
1467	18.5147
1468	18.7809
1469	18.774
1470	18.6763
1471	18.749
1472	18.9662
1473	19.0059
1474	18.9051
1475	18.69
1476	19.207
1477	18.6652
1478	18.6547
1479	18.8339
1480	19.0176
1481	18.9058
1482	18.8598
1483	18.9376
1484	18.9509
1485	18.9913
1486	19.2486
1487	18.8972
1488	19.0549
1489	19.1184
1490	18.8513
1491	18.9422
1492	18.8656
1493	19.0543
1494	18.9662
1495	19.1068
1496	18.8855
1497	18.86
1498	19.066
1499	18.8827
1500	19.1283
1501	19.0371
1502	19.0922
1503	19.0855
1504	19.096
1505	19.1054
1506	18.9711
1507	18.8706
1508	19.154
1509	19.1026
1510	19.5416
1511	18.9901
1512	19.0135
1513	19.0653
1514	18.9956
1515	19.0821
1516	19.0591
1517	19.1114
1518	19.2725
1519	19.2041
1520	18.9345
1521	19.1858
1522	19.0829
1523	19.1886
1524	19.2189
1525	19.2265
1526	19.1486
1527	18.9978
1528	19.1346
1529	19.114
1530	19.5136
1531	19.193
1532	19.2516
1533	19.1434
1534	19.0658
1535	19.756
1536	19.3668
1537	19.2261
1538	19.1771
1539	19.2964
1540	19.2285
1541	19.3195
1542	19.3819
1543	19.2534
1544	19.2724
1545	19.3585
1546	19.296
1547	19.213
1548	19.7256
1549	19.164
1550	19.2578
1551	19.2832
1552	19.3085
1553	19.2888
1554	19.3247
1555	19.3054
1556	19.2758
1557	19.2259
1558	19.438
1559	19.2682
1560	19.2317
1561	19.54
1562	19.3325
1563	19.2961
1564	20.0517
1565	19.2722
1566	19.3422
1567	19.5491
1568	19.1925
1569	19.2904
1570	19.2451
1571	19.129
1572	19.1331
1573	19.2451
1574	19.2799
1575	19.316
1576	19.5209
1577	19.3131
1578	19.2412
1579	19.2781
1580	19.3766
1581	19.4988
1582	19.5064
1583	21.5313
1584	20.3431
1585	19.256
1586	19.5756
1587	19.2555
1588	19.4332
1589	19.3863
1590	19.2852
1591	19.4567
1592	19.5601
1593	19.287
1594	19.2547
1595	19.4483
1596	19.4884
1597	19.3671
1598	19.3746
1599	19.4342
1600	19.5533
1601	19.3928
1602	19.3644
1603	19.3254
1604	19.4306
1605	19.3684
1606	19.4892
1607	19.1585
1608	19.4206
1609	19.6986
1610	19.2258
1611	19.3541
1612	19.3304
1613	19.6638
1614	19.3133
1615	19.5304
1616	19.6295
1617	19.6485
1618	19.3078
1619	19.4379
1620	19.3617
1621	19.528
1622	19.6205
1623	19.4407
1624	19.4824
1625	19.4221
1626	19.4397
1627	19.543
1628	19.4622
1629	19.5848
1630	19.6036
1631	19.5084
1632	19.4073
1633	19.258
1634	19.3016
1635	19.1712
1636	19.4237
1637	19.3816
1638	19.3253
1639	19.2381
1640	19.3012
1641	19.2883
1642	19.5399
1643	19.4728
1644	19.5446
1645	19.4208
1646	19.4292
1647	19.4269
1648	19.5448
1649	19.4627
1650	19.6132
1651	19.5048
1652	19.6689
1653	19.5612
1654	19.3707
1655	19.4346
1656	19.4987
1657	19.4219
1658	19.5487
1659	19.6809
1660	19.4056
1661	19.5083
1662	19.64
1663	19.4691
1664	19.488
1665	19.4879
1666	19.4683
1667	19.637
1668	19.6637
1669	23.8644
1670	20.6829
1671	20.1768
1672	24.3248
1673	24.9544
1674	22.0558
1675	19.6524
1676	19.5747
1677	19.5993
1678	19.7893
1679	19.5669
1680	19.6876
1681	19.7896
1682	19.3894
1683	19.465
1684	19.5298
1685	19.447
1686	19.5243
1687	19.691
1688	19.4397
1689	19.7431
1690	19.5742
1691	19.8168
1692	19.8312
1693	19.731
1694	19.8453
1695	19.8245
1696	19.698
1697	19.7092
1698	19.8545
1699	20.0371
1700	19.737
1701	19.6494
1702	19.7107
1703	19.6776
1704	19.6849
1705	21.3029
1706	19.6342
1707	19.6734
1708	19.7091
1709	19.5857
1710	19.6111
1711	19.6908
1712	19.8321
1713	19.6948
1714	20.2305
1715	20.3954
1716	19.8906
1717	19.8148
1718	19.9856
1719	19.8098
1720	19.951
1721	19.9668
1722	20.1317
1723	19.7322
1724	19.6676
1725	20.5555
1726	20.0838
1727	20.327
1728	20.1769
1729	20.1649
1730	20.0595
1731	19.8844
1732	20.0597
1733	20.4198
1734	19.9
1735	19.9304
1736	19.863
1737	19.779
1738	19.8346
1739	20.4355
1740	20.3809
1741	20.1945
1742	19.9506
1743	19.9527
1744	19.927
1745	19.9419
1746	19.9374
1747	19.9687
1748	20.0022
1749	20.0257
1750	19.9296
1751	20.2071
1752	20.0284
1753	20.0929
1754	20.1813
1755	20.1632
1756	20.2355
1757	20.3142
1758	20.2867
1759	20.4459
1760	20.8626
1761	20.0954
1762	20.4638
1763	20.2803
1764	20.0806
1765	19.9476
1766	20.0766
1767	20.4235
1768	20.5531
1769	21.2293
1770	20.1678
1771	20.1541
1772	20.2454
1773	20.1683
1774	20.0262
1775	20.9237
1776	20.2006
1777	20.2688
1778	20.182
1779	20.4307
1780	20.286
1781	20.4542
1782	20.292
1783	20.5135
1784	20.1502
1785	20.1559
1786	20.2289
1787	20.0721
1788	20.1277
1789	20.27
1790	20.2249
1791	20.2766
1792	20.1954
1793	19.9236
1794	20.4809
1795	20.0048
1796	19.9496
1797	19.8636
1798	20.0402
1799	20.0792
1800	20.2229
1801	20.2491
1802	20.3958
1803	20.4778
1804	21.0784
1805	20.1788
1806	20.1314
1807	20.4488
1808	20.2569
1809	20.1108
1810	20.2282
1811	20.3629
1812	21.0817
1813	20.4187
1814	20.3909
1815	20.5876
1816	20.915
1817	20.3671
1818	21.2002
1819	20.475
1820	20.392
1821	21.2751
1822	20.3255
1823	21.1834
1824	20.8402
1825	20.783
1826	20.7218
1827	20.8922
1828	20.7052
1829	21.1232
1830	20.9069
1831	20.8663
1832	21.1406
1833	20.8874
1834	20.6225
1835	20.5796
1836	20.5105
1837	20.5013
1838	20.4367
1839	20.8825
1840	20.4516
1841	20.7139
1842	20.7019
1843	20.9012
1844	20.8837
1845	21.1146
1846	20.9723
1847	21.2602
1848	20.9722
1849	20.7329
1850	20.8342
1851	21.1351
1852	20.8172
1853	20.8489
1854	20.7179
1855	20.4164
1856	21.1153
1857	20.5948
1858	20.797
1859	20.2825
1860	20.5703
1861	20.5378
1862	21.8875
1863	20.8431
1864	20.9547
1865	21.9465
1866	21.4509
1867	20.5262
1868	20.7259
1869	20.7491
1870	21.1153
1871	20.729
1872	20.7813
1873	20.8025
1874	20.6966
1875	21.3352
1876	20.7867
1877	21.2561
1878	22.0481
1879	21.3746
1880	20.9593
1881	21.0999
1882	20.7882
1883	20.2408
1884	21.0906
1885	20.7146
1886	20.8255
1887	20.812
1888	20.6804
1889	21.1028
1890	21.2563
1891	21.3404
1892	21.028
1893	20.7278
1894	21.0163
1895	20.6949
1896	20.8231
1897	20.7563
1898	20.8919
1899	21.2382
1900	20.7671
1901	20.5404
1902	20.9053
1903	20.8826
1904	21.0373
1905	21.0464
1906	20.9198
1907	20.5849
1908	21.1489
1909	20.6936
1910	20.8903
1911	21.3251
1912	20.9517
1913	21.0667
1914	20.7106
1915	20.8484
1916	20.9046
1917	21.0251
1918	20.9494
1919	21.4146
1920	20.7639
1921	20.4818
1922	21.0536
1923	20.9766
1924	21.0107
1925	20.7616
1926	20.9391
1927	20.9935
1928	21.2098
1929	20.9062
1930	20.7634
1931	22.0157
1932	21.5279
1933	20.9898
1934	20.7365
1935	21.081
1936	21.4065
1937	21.5815
1938	21.33
1939	21.1067
1940	21.3874
1941	21.1746
1942	21.6445
1943	21.2406
1944	21.5238
1945	21.3524
1946	21.5861
1947	21.3512
1948	21.2964
1949	21.6789
1950	21.4207
1951	20.8604
1952	21.0261
1953	21.3008
1954	21.3867
1955	21.633
1956	21.2262
1957	21.4924
1958	21.2955
1959	21.2924
1960	21.2056
1961	22.1088
1962	21.2907
1963	21.0718
1964	21.5008
1965	21.3897
1966	21.3103
1967	21.6368
1968	21.0468
1969	21.3153
1970	21.4317
1971	21.1789
1972	21.3452
1973	21.5385
1974	21.2882
1975	21.3248
1976	21.5025
1977	21.21
1978	21.3479
1979	21.3384
1980	21.138
1981	21.301
1982	21.2063
1983	21.2362
1984	21.6483
1985	21.5582
1986	21.8271
1987	21.4534
1988	21.4682
1989	21.6181
1990	22.2888
1991	21.3418
1992	21.4567
1993	21.902
1994	21.8832
1995	21.4402
1996	21.3338
1997	21.7179
1998	21.3723
1999	21.2783
2000	21.5995
2001	21.3301
2002	21.9479
2003	22.3963
2004	21.3403
2005	21.6367
2006	21.1989
2007	21.1836
2008	21.5644
2009	21.2105
2010	21.0538
2011	21.2925
2012	21.0513
2013	21.1619
2014	21.5069
2015	21.5708
2016	21.6231
2017	22.4335
2018	22.1457
2019	21.3873
2020	21.2788
2021	21.9413
2022	22.3702
2023	22.9995
2024	21.8172
2025	21.9106
2026	21.6417
2027	21.7278
2028	21.5041
2029	21.8484
2030	21.5262
2031	21.7564
2032	21.6455
2033	21.6187
2034	21.9105
2035	21.7684
2036	22.1604
2037	22.2431
2038	21.6844
2039	22.1897
2040	22.6169
2041	22.0647
2042	22.43
2043	21.8565
2044	21.6116
2045	22.1388
2046	22.2956
2047	21.9047
