4096 10
8192 10
12288 10
16384 15
20480 17
24576 18
28672 19
32768 20
36864 20
40960 22
45056 21
49152 22
53248 22
57344 22
61440 22
65536 23
69632 23
73728 23
77824 23
81920 24
86016 23
90112 23
94208 24
98304 24
102400 24
106496 25
110592 25
114688 25
118784 26
122880 26
126976 27
131072 27
135168 27
139264 28
143360 28
147456 28
151552 28
155648 28
159744 29
163840 29
167936 29
172032 29
176128 29
180224 29
184320 30
188416 30
192512 30
196608 30
200704 30
204800 30
208896 30
212992 31
217088 31
221184 31
225280 31
229376 31
233472 31
237568 31
241664 31
245760 31
249856 32
253952 32
258048 32
262144 33
266240 33
270336 34
274432 34
278528 34
282624 35
286720 36
290816 36
294912 37
299008 37
303104 37
307200 38
311296 38
315392 39
319488 41
323584 41
327680 42
331776 42
335872 43
339968 43
344064 44
348160 43
352256 44
356352 44
360448 45
364544 46
368640 48
372736 49
376832 50
380928 48
385024 48
389120 50
393216 51
397312 50
401408 51
405504 52
409600 52
413696 53
417792 53
421888 57
425984 54
430080 55
434176 55
438272 56
442368 57
446464 57
450560 57
454656 58
458752 59
462848 64
466944 64
471040 64
475136 60
479232 68
483328 63
487424 65
491520 67
495616 66
499712 66
503808 31
507904 30
512000 30
516096 31
520192 30
524288 31
528384 31
532480 31
536576 32
540672 32
544768 32
548864 32
552960 32
557056 34
561152 34
565248 33
569344 33
573440 34
577536 35
581632 36
585728 35
589824 34
593920 35
598016 37
602112 36
606208 37
610304 37
614400 34
618496 35
622592 34
626688 35
630784 36
634880 35
638976 35
643072 36
647168 35
651264 35
655360 35
659456 35
663552 36
667648 36
671744 36
675840 36
679936 36
684032 36
688128 37
692224 38
696320 36
700416 37
704512 38
708608 37
712704 38
716800 38
720896 38
724992 38
729088 37
733184 38
737280 38
741376 38
745472 37
749568 38
753664 38
757760 38
761856 38
765952 39
770048 39
774144 39
778240 39
782336 38
786432 38
790528 38
794624 38
798720 39
802816 39
806912 39
811008 39
815104 39
819200 40
823296 40
827392 39
831488 39
835584 39
839680 39
843776 40
847872 40
851968 40
856064 40
860160 39
864256 40
868352 40
872448 40
876544 40
880640 40
884736 40
888832 40
892928 40
897024 40
901120 40
905216 40
909312 40
913408 40
917504 40
921600 41
925696 41
929792 41
933888 42
937984 45
942080 44
946176 42
950272 41
954368 42
958464 43
962560 42
966656 42
970752 42
974848 41
978944 41
983040 41
987136 42
991232 41
995328 42
999424 44
1003520 44
1007616 42
1011712 42
1015808 42
1019904 42
1024000 42
1028096 42
1032192 42
1036288 42
1040384 42
1044480 42
1048576 42
1052672 42
1056768 42
1060864 41
1064960 42
1069056 44
1073152 42
1077248 43
1081344 44
1085440 43
1089536 43
1093632 45
1097728 47
1101824 47
1105920 43
1110016 43
1114112 43
1118208 43
1122304 43
1126400 43
1130496 43
1134592 43
1138688 44
1142784 44
1146880 44
1150976 44
1155072 46
1159168 47
1163264 44
1167360 44
1171456 44
1175552 44
1179648 44
1183744 43
1187840 44
1191936 43
1196032 43
1200128 44
1204224 44
1208320 44
1212416 44
1216512 43
1220608 44
1224704 47
1228800 47
1232896 44
1236992 45
1241088 44
1245184 44
1249280 45
1253376 44
1257472 45
1261568 44
1265664 44
1269760 44
1273856 44
1277952 44
1282048 44
1286144 44
1290240 45
1294336 47
1298432 47
1302528 44
1306624 45
1310720 45
1314816 46
1318912 45
1323008 45
1327104 45
1331200 46
1335296 45
1339392 45
1343488 45
1347584 45
1351680 45
1355776 47
1359872 48
1363968 45
1368064 46
1372160 46
1376256 46
1380352 46
1384448 46
1388544 46
1392640 46
1396736 47
1400832 46
1404928 47
1409024 46
1413120 45
1417216 43
1421312 44
1425408 45
1429504 42
1433600 42
1437696 46
1441792 45
1445888 45
1449984 45
1454080 45
1458176 45
1462272 45
1466368 46
1470464 46
1474560 49
1478656 46
1482752 46
1486848 46
1490944 46
1495040 46
1499136 46
1503232 46
1507328 46
1511424 46
1515520 47
1519616 47
1523712 46
1527808 50
1531904 47
1536000 46
1540096 46
1544192 46
1548288 47
1552384 46
1556480 46
1560576 46
1564672 47
1568768 46
1572864 46
1576960 48
1581056 47
1585152 46
1589248 47
1593344 47
1597440 47
1601536 46
1605632 47
1609728 47
1613824 46
1617920 47
1622016 47
1626112 46
1630208 46
1634304 46
1638400 46
1642496 48
1646592 47
1650688 47
1654784 46
1658880 47
1662976 47
1667072 46
1671168 46
1675264 47
1679360 50
1683456 46
1687552 46
1691648 48
1695744 47
1699840 47
1703936 47
1708032 47
1712128 47
1716224 48
1720320 46
1724416 46
1728512 49
1732608 46
1736704 47
1740800 47
1744896 47
1748992 47
1753088 47
1757184 47
1761280 48
1765376 48
1769472 47
1773568 48
1777664 48
1781760 48
1785856 47
1789952 48
1794048 47
1798144 48
1802240 48
1806336 47
1810432 48
1814528 48
1818624 48
1822720 48
1826816 48
1830912 49
1835008 49
1839104 49
1843200 49
1847296 49
1851392 48
1855488 48
1859584 49
1863680 48
1867776 49
1871872 49
1875968 48
1880064 48
1884160 48
1888256 49
1892352 50
1896448 48
1900544 48
1904640 49
1908736 49
1912832 50
1916928 49
1921024 48
1925120 48
1929216 49
1933312 49
1937408 49
1941504 49
1945600 49
1949696 49
1953792 50
1957888 49
1961984 49
1966080 50
1970176 50
1974272 49
1978368 50
1982464 50
1986560 50
1990656 49
1994752 50
1998848 50
2002944 50
2007040 50
2011136 50
2015232 50
2019328 50
2023424 50
2027520 51
2031616 49
2035712 51
2039808 50
2043904 50
2048000 50
2052096 51
2056192 50
2060288 50
2064384 51
2068480 50
2072576 50
2076672 51
2080768 51
2084864 51
2088960 51
2093056 50
2097152 51
2101248 50
2105344 51
2109440 51
2113536 51
2117632 52
2121728 52
2125824 51
2129920 51
2134016 51
2138112 51
2142208 51
2146304 51
2150400 51
2154496 51
2158592 51
2162688 52
2166784 51
2170880 51
2174976 51
2179072 52
2183168 52
2187264 52
2191360 52
2195456 53
2199552 55
2203648 53
2207744 52
2211840 52
2215936 53
2220032 52
2224128 53
2228224 53
2232320 52
2236416 51
2240512 53
2244608 53
2248704 52
2252800 53
2256896 53
2260992 52
2265088 53
2269184 53
2273280 53
2277376 53
2281472 53
2285568 54
2289664 53
2293760 54
2297856 53
2301952 54
2306048 54
2310144 54
2314240 54
2318336 55
2322432 54
2326528 54
2330624 55
2334720 54
2338816 53
2342912 54
2347008 55
2351104 54
2355200 55
2359296 54
2363392 54
2367488 55
2371584 54
2375680 54
2379776 54
2383872 54
2387968 54
2392064 54
2396160 54
2400256 55
2404352 55
2408448 55
2412544 55
2416640 55
2420736 55
2424832 56
2428928 55
2433024 55
2437120 56
2441216 55
2445312 55
2449408 56
2453504 54
2457600 55
2461696 55
2465792 56
2469888 55
2473984 55
2478080 57
2482176 56
2486272 57
2490368 56
2494464 56
2498560 55
2502656 55
2506752 55
2510848 54
2514944 55
2519040 56
2523136 56
2527232 55
2531328 55
2535424 56
2539520 55
2543616 55
2547712 55
2551808 55
2555904 55
2560000 55
2564096 55
2568192 56
2572288 55
2576384 55
2580480 54
2584576 55
2588672 55
2592768 56
2596864 57
2600960 55
2605056 56
2609152 56
2613248 55
2617344 56
2621440 56
2625536 56
2629632 56
2633728 56
2637824 57
2641920 56
2646016 57
2650112 56
2654208 56
2658304 57
2662400 57
2666496 55
2670592 56
2674688 57
2678784 56
2682880 58
2686976 57
2691072 58
2695168 57
2699264 56
2703360 56
2707456 57
2711552 57
2715648 57
2719744 57
2723840 57
2727936 57
2732032 58
2736128 57
2740224 57
2744320 57
2748416 57
2752512 57
2756608 58
2760704 58
2764800 58
2768896 58
2772992 57
2777088 58
2781184 58
2785280 57
2789376 58
2793472 58
2797568 58
2801664 58
2805760 57
2809856 58
2813952 57
2818048 58
2822144 58
2826240 58
2830336 58
2834432 58
2838528 57
2842624 59
2846720 58
2850816 58
2854912 57
2859008 58
2863104 59
2867200 58
2871296 58
2875392 59
2879488 58
2883584 59
2887680 58
2891776 58
2895872 58
2899968 59
2904064 58
2908160 59
2912256 59
2916352 59
2920448 58
2924544 59
2928640 59
2932736 58
2936832 59
2940928 59
2945024 59
2949120 59
2953216 59
2957312 60
2961408 60
2965504 59
2969600 59
2973696 60
2977792 59
2981888 60
2985984 59
2990080 60
2994176 59
2998272 59
3002368 60
3006464 59
3010560 60
3014656 60
3018752 60
3022848 60
3026944 60
3031040 60
3035136 59
3039232 60
3043328 60
3047424 59
3051520 59
3055616 60
3059712 60
3063808 59
3067904 60
3072000 60
3076096 60
3080192 61
3084288 60
3088384 60
3092480 60
3096576 61
3100672 61
3104768 63
3108864 65
3112960 65
3117056 63
3121152 59
3125248 61
3129344 61
3133440 61
3137536 61
3141632 61
3145728 61
3149824 60
3153920 61
3158016 61
3162112 61
3166208 62
3170304 61
3174400 61
3178496 62
3182592 61
3186688 62
3190784 61
3194880 62
3198976 62
3203072 62
3207168 62
3211264 62
3215360 61
3219456 61
3223552 62
3227648 62
3231744 62
3235840 62
3239936 62
3244032 62
3248128 63
3252224 62
3256320 62
3260416 63
3264512 63
3268608 62
3272704 63
3276800 62
3280896 62
3284992 62
3289088 63
3293184 63
3297280 63
3301376 63
3305472 63
3309568 63
3313664 63
3317760 63
3321856 63
3325952 63
3330048 62
3334144 63
3338240 63
3342336 63
3346432 63
3350528 63
3354624 63
3358720 63
3362816 63
3366912 62
3371008 63
3375104 63
3379200 63
3383296 64
3387392 63
3391488 62
3395584 63
3399680 64
3403776 64
3407872 63
3411968 64
3416064 64
3420160 64
3424256 64
3428352 64
3432448 63
3436544 64
3440640 65
3444736 63
3448832 63
3452928 64
3457024 64
3461120 64
3465216 64
3469312 64
3473408 64
3477504 64
3481600 63
3485696 64
3489792 64
3493888 64
3497984 64
3502080 64
3506176 63
3510272 64
3514368 63
3518464 65
3522560 64
3526656 64
3530752 64
3534848 65
3538944 64
3543040 64
3547136 64
3551232 65
3555328 64
3559424 64
3563520 65
3567616 66
3571712 66
3575808 65
3579904 65
3584000 64
3588096 65
3592192 65
3596288 64
3600384 64
3604480 65
3608576 65
3612672 65
3616768 66
3620864 66
3624960 66
3629056 66
3633152 65
3637248 66
3641344 66
3645440 66
3649536 66
3653632 66
3657728 67
3661824 65
3665920 66
3670016 67
3674112 67
3678208 67
3682304 67
3686400 67
3690496 67
3694592 69
3698688 68
3702784 68
3706880 68
3710976 68
3715072 68
3719168 67
3723264 68
3727360 69
3731456 68
3735552 68
3739648 69
3743744 68
3747840 67
3751936 69
3756032 67
3760128 69
3764224 68
3768320 68
3772416 69
3776512 70
3780608 69
3784704 68
3788800 69
3792896 69
3796992 69
3801088 69
3805184 70
3809280 69
3813376 69
3817472 69
3821568 69
3825664 68
3829760 70
3833856 70
3837952 69
3842048 68
3846144 69
3850240 69
3854336 69
3858432 70
3862528 69
3866624 69
3870720 68
3874816 70
3878912 70
3883008 70
3887104 71
3891200 70
3895296 70
3899392 72
3903488 70
3907584 70
3911680 69
3915776 69
3919872 70
3923968 70
3928064 70
3932160 70
3936256 69
3940352 71
3944448 70
3948544 71
3952640 70
3956736 70
3960832 71
3964928 69
3969024 71
3973120 72
3977216 72
3981312 73
3985408 70
3989504 72
3993600 73
3997696 75
4001792 76
4005888 75
4009984 74
4014080 75
4018176 75
4022272 73
4026368 74
4030464 73
4034560 73
4038656 73
4042752 72
4046848 72
4050944 73
4055040 72
4059136 73
4063232 72
4067328 73
4071424 73
4075520 73
4079616 73
4083712 74
4087808 73
4091904 72
4096000 73
4100096 74
4104192 73
4108288 74
4112384 74
4116480 73
4120576 73
4124672 73
4128768 88
4132864 73
4136960 75
4141056 74
4145152 74
4149248 75
4153344 76
4157440 75
4161536 75
4165632 76
4169728 73
4173824 75
4177920 75
4182016 76
4186112 74
4190208 73
4194304 74
4198400 77
4202496 76
4206592 76
4210688 76
4214784 76
4218880 77
4222976 76
4227072 78
4231168 78
4235264 55
4239360 76
4243456 77
4247552 77
4251648 77
4255744 77
4259840 78
4263936 78
4268032 78
4272128 80
4276224 75
4280320 76
4284416 79
4288512 77
4292608 77
4296704 77
4300800 76
4304896 77
4308992 77
4313088 77
4317184 78
4321280 78
4325376 76
4329472 80
4333568 78
4337664 77
4341760 77
4345856 78
4349952 77
4354048 93
4358144 85
4362240 83
4366336 83
4370432 83
4374528 86
4378624 86
4382720 85
4386816 84
4390912 86
4395008 86
4399104 83
4403200 83
4407296 84
4411392 85
4415488 87
4419584 87
4423680 88
4427776 85
4431872 86
4435968 87
4440064 86
4444160 86
4448256 89
4452352 90
4456448 90
4460544 89
4464640 87
4468736 85
4472832 85
4476928 82
4481024 86
4485120 87
4489216 89
4493312 88
4497408 88
4501504 89
4505600 88
4509696 88
4513792 88
4517888 89
4521984 89
4526080 90
4530176 90
4534272 90
4538368 90
4542464 88
4546560 90
4550656 90
4554752 91
4558848 91
4562944 89
4567040 91
4571136 90
4575232 90
4579328 89
4583424 88
4587520 91
4591616 89
4595712 92
4599808 92
4603904 89
4608000 91
4612096 90
4616192 92
4620288 90
4624384 87
4628480 88
4632576 87
4636672 87
4640768 86
4644864 87
4648960 87
4653056 87
4657152 87
4661248 88
4665344 88
4669440 86
4673536 85
4677632 90
4681728 90
4685824 89
4689920 89
4694016 89
4698112 91
4702208 89
4706304 88
4710400 87
4714496 89
4718592 90
4722688 88
4726784 86
4730880 90
4734976 90
4739072 90
4743168 89
4747264 85
4751360 91
4755456 97
4759552 92
4763648 93
4767744 93
4771840 93
4775936 92
4780032 91
4784128 91
4788224 91
4792320 91
4796416 92
4800512 91
4804608 91
4808704 91
4812800 93
4816896 92
4820992 96
4825088 95
4829184 94
4833280 93
4837376 94
4841472 95
4845568 94
4849664 93
4853760 94
4857856 94
4861952 95
4866048 95
4870144 92
4874240 94
4878336 94
4882432 93
4886528 93
4890624 93
4894720 95
4898816 95
4902912 93
4907008 93
4911104 93
4915200 95
4919296 91
4923392 93
4927488 135
4931584 93
4935680 96
4939776 97
4943872 96
4947968 98
4952064 98
4956160 93
4960256 96
4964352 94
4968448 98
4972544 96
4976640 97
4980736 94
4984832 103
4988928 101
4993024 96
4997120 96
5001216 96
5005312 96
5009408 97
5013504 97
5017600 97
5021696 96
5025792 98
5029888 98
5033984 99
5038080 99
5042176 98
5046272 97
5050368 96
5054464 101
5058560 101
5062656 102
5066752 101
5070848 100
5074944 98
5079040 99
5083136 101
5087232 99
5091328 99
5095424 100
5099520 99
5103616 99
5107712 100
5111808 102
5115904 101
5120000 102
5124096 102
5128192 101
5132288 101
5136384 104
5140480 146
5144576 108
5148672 101
5152768 97
5156864 102
5160960 95
5165056 99
5169152 99
5173248 99
5177344 100
5181440 98
5185536 99
5189632 104
5193728 102
5197824 98
5201920 97
5206016 99
5210112 98
5214208 102
5218304 99
5222400 100
5226496 99
5230592 100
5234688 101
5238784 102
5242880 101
5246976 97
5251072 97
5255168 98
5259264 101
5263360 100
5267456 100
5271552 100
5275648 104
5279744 103
5283840 99
5287936 105
5292032 106
5296128 103
5300224 105
5304320 105
5308416 104
5312512 107
5316608 104
5320704 102
5324800 103
5328896 104
