1	1.61816
2	1.36084
3	1.3584
4	1.37231
5	1.41465
6	1.52409
7	1.87472
8	2.16284
9	2.3788
10	2.54873
11	2.70028
12	2.74772
13	2.84413
14	2.92885
15	3.17012
16	3.63354
17	4.22243
18	3.65495
19	3.20698
20	3.25542
21	3.37044
22	3.39844
23	3.62568
24	4.44495
25	4.44551
26	3.60194
27	3.43106
28	3.44995
29	3.46346
30	3.47783
31	3.50057
32	3.51196
33	3.52631
34	3.54004
35	3.55636
36	3.56272
37	3.57293
38	3.57391
39	3.59981
40	3.60273
41	3.61173
42	3.62035
43	3.63156
44	3.63625
45	3.649
46	3.65712
47	3.65831
48	3.67145
49	3.7203
50	3.75684
51	3.79904
52	3.83956
53	3.8829
54	3.91144
55	3.94689
56	3.98033
57	4.00905
58	4.04378
59	4.07253
60	4.10166
61	4.12726
62	4.15816
63	4.18217
64	4.21284
65	4.23517
66	4.25488
67	4.27672
68	4.31016
69	4.32269
70	4.34681
71	4.44222
72	4.43316
73	4.40554
74	4.42329
75	4.49951
76	4.51311
77	4.51621
78	4.49875
79	4.56571
80	4.62672
81	4.54662
82	4.62651
83	4.63961
84	4.60941
85	4.74908
86	4.65536
87	4.63351
88	4.76899
89	4.78048
90	4.69164
91	4.8066
92	4.76295
93	4.88718
94	4.89201
95	4.84321
96	4.82108
97	4.82354
98	4.97742
99	4.92668
100	4.85156
101	5.11381
102	5.2212
103	5.01058
104	5.01547
105	5.03702
106	5.18906
107	5.12413
108	5.22372
109	4.98147
110	5.21689
111	5.20921
112	5.0366
113	5.36132
114	5.45697
115	5.09337
116	5.30788
117	5.24306
118	5.39279
119	5.21369
120	5.68941
121	5.34751
122	5.58262
123	5.41051
124	5.52626
125	5.44003
126	5.64778
127	5.61646
128	5.58617
129	5.59788
130	5.69313
131	5.61233
132	5.76288
133	5.91612
134	6.09538
135	5.83529
136	5.7413
137	5.81492
138	6.02426
139	5.96529
140	6.05649
141	6.148
142	5.77007
143	6.04529
144	5.88154
145	6.25352
146	6.01235
147	6.08591
148	6.18841
149	6.26364
150	6.10846
151	6.17292
152	6.33752
153	6.24502
154	6.32563
155	6.52428
156	6.47773
157	6.4222
158	6.56278
159	6.5585
160	6.56078
161	6.78413
162	6.67183
163	6.68413
164	6.64771
165	6.73066
166	6.786
167	6.75927
168	6.97241
169	7.0203
170	7.04559
171	6.90824
172	7.09356
173	7.15984
174	7.15299
175	7.12583
176	7.264
177	7.2652
178	7.45903
179	7.55856
180	7.30709
181	7.49618
182	7.52812
183	7.46688
184	7.53649
185	7.55164
186	7.59942
187	7.60154
188	7.90775
189	7.80134
190	7.7609
191	7.84816
192	8.04174
193	8.02935
194	8.04263
195	8.10399
196	8.09522
197	8.13786
198	8.12648
199	8.18011
200	8.41633
201	8.52371
202	8.33718
203	8.37259
204	8.43756
205	8.53567
206	8.45325
207	8.63732
208	8.50259
209	8.66275
210	8.59199
211	8.69407
212	8.68382
213	8.79144
214	8.80808
215	8.8966
216	8.89226
217	8.8901
218	8.99893
219	9.05231
220	9.07582
221	9.09994
222	9.11015
223	9.11713
224	9.22677
225	9.31122
226	9.31363
227	9.34529
228	9.40036
229	9.34522
230	9.34396
231	9.41684
232	9.42638
233	9.47182
234	9.46202
235	9.54026
236	9.61389
237	9.60461
238	9.65948
239	9.69455
240	9.67175
241	9.76847
242	9.78821
243	9.7901
244	9.82312
245	9.8372
246	9.8762
247	9.9159
248	10.1173
249	10.0301
250	10.0749
251	10.314
252	10.146
253	10.1615
254	10.2134
255	10.2035
256	10.1813
257	10.2233
258	10.2738
259	10.2968
260	10.364
261	10.3863
262	10.6085
263	10.5224
264	10.4676
265	10.4395
266	10.4942
267	10.5336
268	10.4781
269	12.9522
270	10.6841
271	10.8399
272	10.6006
273	12.9531
274	10.9289
275	10.7065
276	11.1224
277	13.0527
278	10.9021
279	10.9948
280	11.1674
281	11.2763
282	11.2495
283	11.1943
284	11.1552
285	11.2919
286	11.1823
287	11.2288
288	11.2257
289	11.1946
290	11.867
291	11.6997
292	11.3279
293	11.2664
294	11.5604
295	11.9869
296	11.9782
297	11.7375
298	11.5176
299	11.5078
300	11.6095
301	11.7516
302	11.9157
303	11.8446
304	11.669
305	11.9494
306	12.2388
307	11.5988
308	11.6176
309	11.6545
310	11.6773
311	11.731
312	11.837
313	11.7357
314	11.7173
315	11.7815
316	11.9611
317	11.8132
318	11.7603
319	11.833
320	11.7968
321	11.8074
322	11.8173
323	11.9021
324	11.8662
325	12.1566
326	12.6943
327	14.3662
328	12.2998
329	12.445
330	12.6696
331	12.4401
332	12.5432
333	12.2639
334	12.2772
335	12.5522
336	12.2901
337	12.2584
338	12.3248
339	12.181
340	12.3009
341	12.2959
342	12.3198
343	12.3499
344	12.3918
345	12.3013
346	12.4809
347	12.3502
348	12.3047
349	12.3439
350	12.2941
351	12.4615
352	12.3528
353	12.4742
354	12.5922
355	12.5746
356	12.4417
357	12.4556
358	12.5369
359	12.5742
360	12.9374
361	12.5276
362	12.4808
363	12.4953
364	12.5349
365	12.53
366	12.5712
367	12.6004
368	12.6123
369	12.5764
370	12.5921
371	12.6341
372	12.6334
373	12.6714
374	12.6763
375	12.6977
376	12.7239
377	12.7824
378	12.8865
379	12.8773
380	14.801
381	14.4692
382	14.4225
383	14.4131
384	14.8692
385	13.0832
386	14.517
387	13.1725
388	13.0091
389	14.4256
390	12.8923
391	13.2007
392	12.9402
393	12.9697
394	13.0492
395	13.0211
396	14.4278
397	14.3808
398	13.0368
399	14.294
400	13.0964
401	14.3932
402	13.1027
403	13.0526
404	13.1072
405	13.0956
406	13.1092
407	13.1685
408	13.1712
409	13.1264
410	13.1916
411	13.1676
412	13.2634
413	13.5453
414	13.2613
415	13.2418
416	14.4936
417	13.2886
418	13.2674
419	13.2811
420	13.327
421	13.6559
422	13.4602
423	13.3123
424	13.3398
425	14.6335
426	16.0974
427	13.3529
428	13.4058
429	13.3785
430	14.7369
431	13.5393
432	13.4281
433	13.4707
434	15.1373
435	13.5201
436	13.5029
437	15.0243
438	13.5262
439	13.4998
440	13.5038
441	14.9545
442	13.4999
443	13.636
444	13.5387
445	13.6219
446	15.0032
447	14.874
448	13.5546
449	13.6362
450	13.6317
451	13.6072
452	13.6108
453	13.6711
454	15.1026
455	15.0377
456	15.0646
457	15.1675
458	14.8535
459	13.6832
460	13.6785
461	13.7653
462	13.6876
463	13.7037
464	13.7096
465	13.7221
466	13.7215
467	13.7405
468	13.7576
469	13.7635
470	13.7542
471	13.7677
472	13.7854
473	13.7769
474	13.815
475	13.8089
476	13.7895
477	13.8174
478	13.8418
479	13.8538
480	13.8527
481	13.8747
482	13.8708
483	13.8509
484	13.8661
485	13.8833
486	13.9007
487	13.9251
488	13.8973
489	13.9233
490	13.9153
491	13.9652
492	13.967
493	13.9491
494	13.992
495	13.9916
496	13.9849
497	13.9817
498	13.9593
499	13.9986
500	14.0026
501	14.0024
502	14.0061
503	14.0377
504	14.0164
505	14.0504
506	14.0598
507	14.0621
508	14.0715
509	14.0916
510	14.0729
511	14.1073
512	14.0816
513	14.0956
514	14.1044
515	14.1289
516	14.1294
517	14.1243
518	14.1309
519	14.135
520	14.1509
521	14.153
522	14.1649
523	14.1668
524	14.1826
525	14.1909
526	14.1897
527	14.1957
528	14.1942
529	14.2216
530	14.215
531	14.2203
532	14.2423
533	14.2481
534	14.2547
535	14.2659
536	14.2582
537	14.2597
538	14.2797
539	14.2762
540	14.2899
541	14.2941
542	14.3111
543	14.3207
544	14.324
545	14.3162
546	14.3229
547	14.3266
548	14.3388
549	14.355
550	14.362
551	14.3938
552	14.374
553	14.3775
554	14.3778
555	14.3977
556	14.4072
557	14.4043
558	14.398
559	14.4148
560	14.4251
561	14.428
562	14.4289
563	14.4202
564	14.4398
565	14.4506
566	14.4501
567	14.4662
568	14.4821
569	14.4672
570	14.49
571	14.4852
572	14.502
573	14.4939
574	14.5101
575	14.4961
576	14.5358
577	14.5344
578	14.5457
579	14.5428
580	14.5451
581	14.5498
582	14.5566
583	14.5565
584	14.5694
585	14.5765
586	14.5768
587	14.5954
588	14.595
589	14.5839
590	14.6046
591	14.611
592	14.6379
593	14.6174
594	14.624
595	14.628
596	14.6334
597	14.6592
598	14.6326
599	14.6587
600	15.6205
601	15.7102
602	15.7182
603	16.5271
604	14.6783
605	14.6912
606	14.6949
607	14.716
608	14.6978
609	14.6988
610	14.7108
611	14.7184
612	14.7236
613	14.7234
614	14.7536
615	14.7344
616	14.7418
617	14.7362
618	14.7413
619	14.7536
620	14.7584
621	14.7777
622	14.7817
623	14.7853
624	14.7745
625	14.7887
626	14.802
627	14.7897
628	14.8175
629	14.8301
630	14.8079
631	14.8225
632	14.8214
633	14.8452
634	14.8502
635	14.8348
636	14.8552
637	14.8626
638	14.9895
639	14.9872
640	14.9991
641	15.0021
642	15.0245
643	15.0196
644	15.0188
645	15.0221
646	15.0244
647	15.0397
648	15.047
649	15.0495
650	15.5137
651	14.9226
652	14.9242
653	14.9412
654	14.9319
655	14.9388
656	14.9454
657	15.0161
658	15.0833
659	15.0779
660	15.095
661	15.1089
662	14.9813
663	14.9687
664	14.9808
665	14.9785
666	14.9734
667	14.9888
668	15.0121
669	15.0166
670	15.0072
671	15.1539
672	15.1484
673	15.0245
674	15.0401
675	15.0335
676	15.0159
677	15.0512
678	15.0285
679	15.0501
680	15.0631
681	15.0411
682	15.0536
683	15.0516
684	15.1438
685	15.0809
686	15.0771
687	15.0636
688	15.0787
689	15.1038
690	15.1621
691	15.1054
692	15.0984
693	15.1225
694	15.1257
695	15.1109
696	15.14
697	15.1212
698	15.1123
699	15.1231
700	15.1468
701	15.1404
702	15.1565
703	15.1478
704	15.16
705	15.168
706	15.1584
707	15.1757
708	15.1686
709	15.1918
710	15.2248
711	15.182
712	15.1931
713	15.1801
714	15.2049
715	15.2285
716	15.2095
717	15.1939
718	15.208
719	15.2125
720	15.2186
721	15.2345
722	15.2287
723	15.229
724	15.2297
725	15.2318
726	15.2517
727	15.2545
728	15.2701
729	15.2348
730	15.2554
731	15.2738
732	15.2558
733	15.2622
734	15.2665
735	15.2805
736	15.2756
737	15.2852
738	15.2743
739	15.2784
740	15.2894
741	15.2939
742	15.2812
743	15.3094
744	15.323
745	15.3117
746	15.3195
747	15.337
748	15.3174
749	15.3044
750	15.3314
751	15.3323
752	15.341
753	15.3711
754	15.3531
755	15.3393
756	15.3619
757	15.342
758	15.3572
759	15.3651
760	15.3611
761	15.3908
762	15.3565
763	15.3871
764	15.4297
765	15.3768
766	15.3866
767	15.3927
768	15.3843
769	15.4045
770	15.4144
771	15.4007
772	15.418
773	15.4003
774	15.3948
775	15.4254
776	15.4067
777	15.408
778	15.4483
779	15.4479
780	15.4248
781	15.4536
782	15.471
783	15.4652
784	15.4551
785	15.4759
786	15.4408
787	15.4502
788	15.4551
789	15.4757
790	15.4759
791	15.4613
792	15.4829
793	15.4793
794	15.4646
795	15.4883
796	15.484
797	15.4916
798	15.5854
799	15.4868
800	15.5019
801	15.4875
802	15.5044
803	15.5193
804	15.5114
805	15.517
806	15.499
807	15.5092
808	15.5181
809	15.5205
810	15.555
811	15.53
812	15.5198
813	15.5285
814	15.5306
815	15.5509
816	15.5579
817	15.5645
818	15.5532
819	15.5588
820	15.5578
821	15.5638
822	15.5514
823	15.5721
824	15.5675
825	15.5889
826	15.5685
827	15.5947
828	15.5915
829	15.5944
830	15.6328
831	15.5984
832	15.6164
833	15.6012
834	15.6079
835	15.5969
836	15.6082
837	15.6245
838	15.6281
839	15.6277
840	15.6209
841	15.643
842	15.6238
843	15.6234
844	15.6208
845	15.6349
846	15.6777
847	15.6477
848	15.6551
849	15.6678
850	15.6468
851	15.666
852	15.689
853	15.7006
854	15.7147
855	15.7125
856	15.734
857	15.7401
858	15.7158
859	15.7288
860	15.7355
861	15.751
862	15.7249
863	15.7188
864	15.7064
865	15.7027
866	15.7144
867	15.7124
868	15.7095
869	15.7123
870	15.7109
871	15.7758
872	15.7242
873	15.7258
874	15.7259
875	15.7461
876	15.7239
877	15.7428
878	15.729
879	15.7492
880	15.7342
881	15.7472
882	15.7705
883	15.7764
884	15.8372
885	15.8046
886	15.8384
887	15.8341
888	15.8414
889	15.8627
890	15.8623
891	15.8464
892	15.8926
893	15.8881
894	15.9065
895	15.9159
896	15.9057
897	15.9607
898	15.9962
899	15.8531
900	15.8447
901	15.9676
902	15.967
903	15.9797
904	15.954
905	15.9662
906	15.9432
907	15.9162
908	15.9589
909	15.9465
910	15.93
911	15.9522
912	15.9367
913	15.9544
914	15.9336
915	15.9381
916	15.9516
917	15.9503
918	15.9823
919	15.9789
920	15.984
921	15.9793
922	15.9994
923	16.013
924	16.0197
925	16.0398
926	16.0323
927	16.036
928	16.0544
929	16.0765
930	16.0875
931	16.0722
932	16.085
933	16.0858
934	16.1009
935	16.1465
936	16.1615
937	16.1436
938	16.2051
939	16.1788
940	16.1783
941	16.201
942	16.197
943	16.19
944	16.1808
945	16.1931
946	16.1931
947	16.1814
948	16.0763
949	15.9822
950	16.0771
951	16.2284
952	16.1815
953	16.1898
954	16.2143
955	16.2572
956	16.2534
957	16.2083
958	16.2692
959	16.2337
960	16.2632
961	16.2857
962	16.3028
963	16.2872
964	16.2716
965	16.3011
966	16.2502
967	16.3408
968	16.2895
969	16.3379
970	16.2959
971	16.3531
972	16.3064
973	16.3853
974	16.3894
975	16.3878
976	16.4011
977	16.5561
978	16.4783
979	16.4405
980	16.4761
981	16.5224
982	16.5553
983	16.6922
984	16.4336
985	16.469
986	16.5047
987	16.6145
988	16.4928
989	16.6087
990	16.2953
991	16.5272
992	16.492
993	16.5624
994	16.6426
995	16.6612
996	16.6803
997	16.6608
998	16.6761
999	16.6876
1000	16.6886
1001	16.6639
1002	16.688
1003	16.6832
1004	16.6828
1005	16.6624
1006	16.7524
1007	16.7268
1008	16.3487
1009	16.786
1010	16.6461
1011	16.7527
1012	16.7124
1013	16.7351
1014	16.7576
1015	16.7388
1016	16.7813
1017	16.7214
1018	16.8154
1019	16.8434
1020	16.7715
1021	16.818
1022	16.923
1023	16.7778
1024	16.8628
1025	16.8348
1026	16.8448
1027	16.8629
1028	16.8248
1029	16.8721
1030	16.8822
1031	16.8597
1032	16.8673
1033	16.8874
1034	16.879
1035	16.8694
1036	16.9001
1037	16.9447
1038	16.773
1039	16.8746
1040	16.9456
1041	16.9441
1042	16.837
1043	16.9686
1044	16.9525
1045	16.9579
1046	16.974
1047	16.9541
1048	16.9561
1049	16.9868
1050	16.9831
1051	16.989
1052	16.9945
1053	16.705
1054	16.9423
1055	17.0201
1056	16.9628
1057	17.03
1058	17.0375
1059	17.0237
1060	17.0591
1061	17.0781
1062	17.0297
1063	17.0725
1064	17.0435
1065	17.0291
1066	17.0597
1067	17.068
1068	17.0661
1069	17.0862
1070	16.8089
1071	17.0905
1072	17.1036
1073	17.0712
1074	17.1282
1075	16.9946
1076	17.1817
1077	17.1215
1078	17.1454
1079	17.0879
1080	17.1189
1081	17.0464
1082	17.0317
1083	17.0898
1084	17.0857
1085	17.1058
1086	17.1309
1087	17.0995
1088	17.121
1089	17.1459
1090	17.173
1091	17.144
1092	17.2668
1093	17.1664
1094	17.1489
1095	17.2015
1096	17.1455
1097	17.1558
1098	17.2289
1099	17.2113
1100	17.1764
1101	17.2098
1102	17.2527
1103	17.2712
1104	17.2148
1105	17.236
1106	17.2598
1107	17.221
1108	17.2817
1109	17.26
1110	17.2717
1111	17.347
1112	17.2734
1113	17.2589
1114	17.2956
1115	17.3458
1116	17.3231
1117	17.3122
1118	17.314
1119	17.3497
1120	17.3052
1121	17.3436
1122	17.329
1123	17.3059
1124	17.3108
1125	17.3359
1126	17.3355
1127	17.3248
1128	17.3275
1129	17.3508
1130	17.3354
1131	17.3537
1132	17.3714
1133	17.3622
1134	17.3964
1135	17.431
1136	17.395
1137	17.3892
1138	17.426
1139	17.4811
1140	17.6209
1141	17.431
1142	17.4157
1143	17.4508
1144	17.5088
1145	17.4881
1146	17.5147
1147	17.5163
1148	17.5236
1149	17.4497
1150	17.6712
1151	17.4592
1152	17.4906
1153	17.4844
1154	17.4861
1155	17.5479
1156	17.5355
1157	17.5515
1158	17.5041
1159	17.5689
1160	17.651
1161	17.5898
1162	17.5315
1163	17.3886
1164	17.5581
1165	17.6152
1166	17.5678
1167	17.5947
1168	17.4476
1169	17.5853
1170	17.5887
1171	17.6687
1172	17.5851
1173	17.5639
1174	17.4216
1175	17.4925
1176	17.4654
1177	17.4518
1178	17.4451
1179	17.4769
1180	17.4446
1181	17.4406
1182	17.5294
1183	17.4482
1184	17.4067
1185	17.5105
1186	17.4985
1187	17.4931
1188	17.5675
1189	17.5088
1190	17.5552
1191	17.4782
1192	17.5681
1193	17.5982
1194	17.6167
1195	17.5291
1196	17.6105
1197	17.5212
1198	17.5358
1199	17.5793
1200	17.5453
1201	17.6096
1202	17.5478
1203	17.5837
1204	17.5432
1205	17.5462
1206	17.5694
1207	17.5398
1208	17.5672
1209	17.6442
1210	17.6463
1211	17.6779
1212	17.605
1213	17.6198
1214	17.6754
1215	17.6491
1216	17.715
1217	17.6654
1218	17.6507
1219	17.6445
1220	17.7545
1221	17.7388
1222	17.7588
1223	17.7042
1224	17.6231
1225	17.6921
1226	17.7276
1227	17.7293
1228	17.688
1229	17.6873
1230	17.7037
1231	17.7086
1232	17.6908
1233	17.771
1234	17.9129
1235	17.8326
1236	17.7864
1237	17.8487
1238	17.7526
1239	17.8962
1240	17.9563
1241	17.8964
1242	17.83
1243	17.8616
1244	17.8539
1245	17.762
1246	17.8174
1247	17.9074
1248	17.7715
1249	17.8229
1250	17.8394
1251	17.7233
1252	17.736
1253	17.9311
1254	17.9133
1255	17.9216
1256	17.8877
1257	18.014
1258	17.9131
1259	17.7919
1260	17.663
1261	17.7829
1262	17.7905
1263	17.7734
1264	17.7539
1265	17.8848
1266	17.787
1267	17.8038
1268	17.9087
1269	17.9364
1270	17.8591
1271	17.807
1272	17.8079
1273	17.8117
1274	17.7907
1275	17.8412
1276	17.8542
1277	17.8966
1278	17.8834
1279	17.834
1280	17.8821
1281	18.0157
1282	18.0107
1283	17.9458
1284	17.8762
1285	17.8879
1286	17.8824
1287	17.9068
1288	18.0251
1289	17.9492
1290	18.0742
1291	18.0521
1292	18.0314
1293	17.9682
1294	18.0481
1295	17.9732
1296	18.037
1297	17.9794
1298	17.9968
1299	17.9387
1300	17.9801
1301	18.0368
1302	17.9073
1303	18.0508
1304	18.0024
1305	17.8827
1306	17.9752
1307	18.0297
1308	18.0153
1309	17.9819
1310	18.0079
1311	18.1265
1312	18.0026
1313	18.0875
1314	18.0955
1315	18.1022
1316	17.9697
1317	18.0068
1318	17.9974
1319	18.1351
1320	17.9839
1321	18.0237
1322	17.9904
1323	18.0419
1324	18.0295
1325	18.0268
1326	18.024
1327	18.0579
1328	18.1335
1329	18.1086
1330	18.0295
1331	18.0705
1332	18.0682
1333	18.1088
1334	18.1124
1335	18.0907
1336	18.0339
1337	18.1704
1338	18.1391
1339	18.1434
1340	18.035
1341	18.1033
1342	18.1143
1343	18.0627
1344	18.0523
1345	18.34
1346	18.1226
1347	18.0838
1348	18.0948
1349	18.092
1350	18.2686
1351	18.2417
1352	18.2542
1353	18.2224
1354	18.2099
1355	18.0732
1356	18.2026
1357	18.1202
1358	18.1247
1359	18.2567
1360	18.0929
1361	18.2635
1362	18.2115
1363	18.2254
1364	18.2297
1365	18.2626
1366	18.2047
1367	18.2782
1368	18.3582
1369	18.2065
1370	18.2911
1371	18.1354
1372	18.1915
1373	18.1893
1374	18.2142
1375	18.1732
1376	18.1725
1377	18.2979
1378	18.3384
1379	18.4136
1380	18.3006
1381	18.3585
1382	18.244
1383	18.3546
1384	18.4036
1385	18.2872
1386	18.3091
1387	18.3735
1388	18.4374
1389	18.3006
1390	18.3664
1391	18.3308
1392	18.3934
1393	18.3994
1394	18.4975
1395	18.3529
1396	18.2439
1397	18.2352
1398	18.4961
1399	18.5053
1400	18.4734
1401	18.3837
1402	18.4911
1403	18.485
1404	18.3376
1405	18.2711
1406	18.4008
1407	18.3445
1408	18.3726
1409	18.4766
1410	18.3615
1411	18.2544
1412	18.3953
1413	18.4673
1414	18.4813
1415	18.585
1416	18.4376
1417	18.4012
1418	18.431
1419	18.4919
1420	18.6398
1421	18.5655
1422	18.4671
1423	18.5712
1424	18.7834
1425	18.6022
1426	18.6066
1427	18.6246
1428	18.332
1429	18.6108
1430	18.647
1431	18.6051
1432	18.399
1433	18.3979
1434	18.5468
1435	18.5589
1436	18.5699
1437	18.4372
1438	18.6375
1439	18.6083
1440	18.5525
1441	18.7514
1442	18.6851
1443	18.5351
1444	18.5325
1445	18.5352
1446	18.6446
1447	18.7138
1448	18.6218
1449	18.6774
1450	18.5734
1451	18.5504
1452	18.5021
1453	18.6918
1454	18.4925
1455	18.3968
1456	18.6091
1457	18.5313
1458	18.5524
1459	18.5273
1460	18.5496
1461	18.7601
1462	18.7424
1463	18.5859
1464	18.5421
1465	18.5044
1466	18.599
1467	18.5281
1468	18.7283
1469	18.8435
1470	18.8867
1471	18.7984
1472	18.7739
1473	18.756
1474	18.6717
1475	18.7148
1476	18.8189
1477	18.7873
1478	18.6899
1479	18.8635
1480	18.869
1481	18.8435
1482	18.7854
1483	18.7858
1484	18.9552
1485	18.8337
1486	18.9097
1487	18.8219
1488	18.9636
1489	18.8573
1490	18.711
1491	18.996
1492	18.7638
1493	18.8375
1494	18.7597
1495	18.8295
1496	18.7423
1497	18.6142
1498	18.9089
1499	18.6747
1500	18.6519
1501	18.6428
1502	18.7858
1503	18.9471
1504	18.9578
1505	18.8699
1506	18.9367
1507	18.8282
1508	18.8314
1509	18.8276
1510	18.8987
1511	18.9621
1512	18.8703
1513	18.7998
1514	18.8036
1515	18.9905
1516	19.0379
1517	18.9344
1518	18.8844
1519	19.0044
1520	18.7974
1521	18.7738
1522	18.6166
1523	18.6281
1524	18.7045
1525	18.7966
1526	18.8973
1527	18.8949
1528	18.8864
1529	18.8052
1530	18.7791
1531	18.781
1532	19.0128
1533	19.0692
1534	19.0406
1535	19.1971
1536	19.0338
1537	18.8656
1538	18.915
1539	19.002
1540	18.8486
1541	18.9805
1542	19.0537
1543	19.0627
1544	19.2451
1545	19.1094
1546	19.0559
1547	19.0104
1548	18.98
1549	18.9612
1550	19.016
1551	19.0601
1552	19.1592
1553	19.0037
1554	18.9462
1555	18.9919
1556	18.9252
1557	18.9833
1558	19.1877
1559	19.1137
1560	18.9809
1561	19.0364
1562	19.1499
1563	18.9191
1564	18.9714
1565	19.1237
1566	19.2102
1567	19.1692
1568	19.1905
1569	19.417
1570	19.2016
1571	19.318
1572	19.1384
1573	19.0666
1574	19.0192
1575	19.0856
1576	19.2349
1577	19.077
1578	19.3665
1579	19.276
1580	19.0223
1581	19.2716
1582	19.2335
1583	19.3528
1584	19.2272
1585	18.9506
1586	19.1602
1587	19.4
1588	19.0243
1589	19.1851
1590	19.3571
1591	19.2494
1592	19.191
1593	19.308
1594	19.1478
1595	19.2576
1596	19.218
1597	19.2126
1598	19.3263
1599	19.2263
1600	19.2364
1601	19.2228
1602	19.2067
1603	19.2239
1604	19.1575
1605	19.1638
1606	19.1202
1607	19.0431
1608	19.2465
1609	19.3539
1610	19.2473
1611	19.4539
1612	19.2864
1613	19.2647
1614	19.3219
1615	19.4351
1616	19.3364
1617	19.4249
1618	19.2772
1619	19.295
1620	19.5306
1621	19.5191
1622	19.4066
1623	19.3711
1624	19.3465
1625	19.3261
1626	19.5716
1627	19.4233
1628	19.4221
1629	19.3685
1630	19.3241
1631	19.3931
1632	19.507
1633	19.4965
1634	19.3773
1635	19.5372
1636	19.2399
1637	19.3741
1638	19.408
1639	19.3868
1640	19.6528
1641	19.4272
1642	19.3504
1643	19.3293
1644	19.337
1645	19.3392
1646	19.4239
1647	19.4955
1648	19.4985
1649	19.5385
1650	19.6467
1651	19.365
1652	19.4698
1653	19.5956
1654	19.5351
1655	19.482
1656	19.4112
1657	19.6186
1658	19.6445
1659	19.5553
1660	19.4775
1661	19.4748
1662	19.6458
1663	19.5015
1664	19.5188
1665	19.4174
1666	19.533
1667	19.6238
1668	19.6928
1669	19.8449
1670	19.3979
1671	19.3331
1672	19.4271
1673	19.6199
1674	19.4683
1675	19.3419
1676	19.7208
1677	19.4556
1678	19.5361
1679	19.5046
1680	19.596
1681	19.5488
1682	19.5256
1683	19.3737
1684	19.4594
1685	19.2988
1686	19.5791
1687	19.6037
1688	19.6599
1689	19.4044
1690	19.4117
1691	19.4114
1692	19.6018
1693	19.5594
1694	19.5596
1695	19.5779
1696	19.5608
1697	19.7886
1698	19.8845
1699	19.6265
1700	19.5227
1701	19.4752
1702	19.4838
1703	19.5579
1704	19.556
1705	19.6065
1706	19.6209
1707	19.7107
1708	19.7193
1709	19.7684
1710	19.9664
1711	19.8414
1712	19.6276
1713	19.4389
1714	19.745
1715	19.7136
1716	19.6813
1717	19.5382
1718	19.7187
1719	19.6722
1720	19.5996
1721	19.5598
1722	19.595
1723	19.4622
1724	19.6592
1725	19.5585
1726	19.5244
1727	19.5003
1728	19.6333
1729	19.6426
1730	19.7634
1731	19.716
1732	19.9889
1733	19.7734
1734	19.7147
1735	19.8503
1736	19.7281
1737	20.0389
1738	19.8831
1739	19.7351
1740	19.9254
1741	20.006
1742	19.8157
1743	19.8942
1744	20.0369
1745	20.0472
1746	20.0656
1747	20.1437
1748	20.0786
1749	20.1873
1750	19.7785
1751	19.9528
1752	20.127
1753	20.1061
1754	19.9601
1755	20.1619
1756	19.8235
1757	19.974
1758	20.0628
1759	20.0076
1760	20.2903
1761	19.8377
1762	20.1093
1763	20.4141
1764	20.2773
1765	20.134
1766	20.0144
1767	20.2649
1768	19.9089
1769	20.1596
1770	20.1675
1771	19.9707
1772	20.0231
1773	20.0313
1774	20.0509
1775	19.956
1776	20.0513
1777	20.035
1778	20.0277
1779	20.1598
1780	20.221
1781	20.0994
1782	19.9303
1783	20.0322
1784	20.0653
1785	19.9281
1786	19.8036
1787	19.8052
1788	20.0573
1789	19.931
1790	20.0822
1791	20.1086
1792	20.0816
1793	19.8395
1794	19.9531
1795	20.102
1796	20.0591
1797	20.1943
1798	19.9798
1799	20.0398
1800	19.9923
1801	20.0725
1802	20.0483
1803	20.2848
1804	20.0436
1805	20.0389
1806	20.0474
1807	20.1744
1808	20.2366
1809	20.1931
1810	20.1698
1811	20.2807
1812	20.3413
1813	20.2708
1814	20.3509
1815	20.6222
1816	20.2025
1817	20.4136
1818	20.2637
1819	20.2391
1820	20.1315
1821	20.2206
1822	20.3809
1823	20.2841
1824	20.251
1825	20.0512
1826	20.3568
1827	20.3894
1828	20.5698
1829	20.4181
1830	20.6738
1831	20.5485
1832	20.5879
1833	20.5624
1834	20.5727
1835	20.1511
1836	20.3668
1837	20.5948
1838	21.7203
1839	21.2729
1840	21.2298
1841	21.0106
1842	21.9393
1843	20.0368
1844	19.9392
1845	20.294
1846	20.8635
1847	20.0173
1848	20.1363
1849	20.3065
1850	20.6719
1851	20.2855
1852	20.5756
1853	20.4142
1854	20.4728
1855	20.4706
1856	20.8359
1857	20.1983
1858	20.3369
1859	20.4376
1860	20.4488
1861	20.0261
1862	20.9273
1863	20.5265
1864	20.4226
1865	20.2861
1866	20.4024
1867	20.4475
1868	20.6212
1869	20.5549
1870	20.8753
1871	20.3218
1872	20.5582
1873	20.607
1874	20.4925
1875	20.5021
1876	20.6837
1877	20.5763
1878	20.5246
1879	20.3995
1880	20.412
1881	20.953
1882	20.5702
1883	20.5652
1884	20.5906
1885	20.4481
1886	20.3955
1887	20.5351
1888	20.772
1889	20.7694
1890	20.4108
1891	20.7364
1892	21.0922
1893	20.5503
1894	20.3886
1895	20.7227
1896	20.6563
1897	20.4613
1898	20.7714
1899	20.7205
1900	21.223
1901	20.8754
1902	21.4566
1903	20.3735
1904	20.5411
1905	20.6362
1906	20.8187
1907	20.9028
1908	21.0244
1909	20.8777
1910	20.9127
1911	20.6918
1912	20.6906
1913	20.6381
1914	20.668
1915	21.1843
1916	20.485
1917	21.1317
1918	20.7649
1919	21.3557
1920	21.1603
1921	21.0885
1922	21.3716
1923	20.9654
1924	20.9379
1925	20.7905
1926	20.5339
1927	20.739
1928	20.8446
1929	21.281
1930	20.7214
1931	20.6173
1932	20.9532
1933	20.816
1934	20.5467
1935	20.9647
1936	21.2314
1937	20.8875
1938	20.9152
1939	21.48
1940	20.8202
1941	20.8674
1942	20.6681
1943	21.0605
1944	20.8705
1945	20.6612
1946	20.704
1947	20.9355
1948	21.0807
1949	21.2674
1950	21.4849
1951	20.6799
1952	20.9327
1953	21.0645
1954	21.2136
1955	20.863
1956	20.9261
1957	21.1153
1958	21.01
1959	21.34
1960	21.6245
1961	21.2672
1962	21.2451
1963	20.8438
1964	21.4216
1965	21.2988
1966	21.5979
1967	21.5388
1968	21.2506
1969	21.5955
1970	21.0938
1971	21.2932
1972	21.259
1973	21.0033
1974	21.2176
1975	20.8372
1976	21.4544
1977	21.3487
1978	21.4921
1979	21.5433
1980	22.0132
1981	21.4533
1982	21.2239
1983	21.2038
1984	21.3407
1985	21.5406
1986	21.1126
1987	21.7567
1988	21.9876
1989	21.5584
1990	21.0001
1991	21.3162
1992	21.5125
1993	21.746
1994	21.7634
1995	21.589
1996	21.5145
1997	21.6956
1998	21.6548
1999	22.0191
2000	21.5175
2001	21.2504
2002	21.9363
2003	21.7037
2004	21.5647
2005	21.652
2006	21.4538
2007	21.2744
2008	21.5087
2009	21.8683
2010	21.8556
2011	21.651
2012	21.6173
2013	21.5643
2014	21.4876
2015	21.2637
2016	21.0545
2017	21.3915
2018	21.4154
2019	21.1324
2020	20.9791
2021	21.1957
2022	21.0418
2023	20.9532
2024	21.432
2025	21.0054
2026	20.5883
2027	21.0058
2028	21.194
2029	21.2438
2030	21.5326
2031	21.526
2032	21.7027
2033	21.8012
2034	21.7792
2035	21.5308
2036	21.5527
2037	21.5804
2038	21.7259
2039	21.71
2040	21.5778
2041	21.7933
2042	22.2043
2043	21.8388
2044	22.1028
2045	21.9448
2046	21.9785
2047	22.0928
2048	22.0362
2049	22.065
2050	21.9559
2051	21.6708
2052	21.5876
2053	21.6567
2054	21.7521
2055	21.8562
2056	21.7187
2057	21.6495
2058	21.6108
2059	21.6972
2060	21.7398
2061	21.678
2062	21.7165
2063	21.8607
2064	22.1117
2065	22.1372
2066	21.9806
2067	22.2058
2068	21.9731
2069	23.3041
2070	22.1559
2071	22.1894
2072	21.8192
2073	21.6614
2074	22.0319
2075	21.8934
2076	21.7619
2077	21.922
2078	22.1874
2079	21.5952
2080	21.8807
2081	22.0428
2082	21.8584
2083	22.2662
2084	22.1147
2085	22.146
2086	22.163
2087	22.0463
2088	22.04
2089	22.3311
2090	22.3355
2091	21.9091
2092	21.4194
2093	22.2864
2094	21.767
2095	21.415
2096	22.3805
2097	21.7511
2098	21.4057
2099	22.1172
2100	21.6223
2101	21.9013
2102	22.0038
2103	22.2175
2104	21.9863
2105	22.5237
2106	22.4635
2107	22.2889
2108	22.5656
2109	22.2408
2110	21.955
2111	22.2734
2112	23.506
2113	23.0855
2114	22.6055
2115	22.9699
2116	24.2881
2117	22.3659
2118	22.1477
2119	22.2931
2120	22.662
2121	22.7378
2122	22.5005
2123	22.4278
2124	22.5233
2125	22.4945
2126	22.519
2127	22.9329
2128	22.7991
2129	22.2242
2130	22.6788
2131	22.3757
2132	22.3557
2133	21.9121
2134	23.7022
2135	22.8261
2136	22.9145
2137	22.3831
2138	24.4121
2139	22.6427
2140	22.7705
2141	22.327
2142	22.7246
2143	22.4094
2144	22.5501
2145	22.5266
2146	22.8665
2147	22.8592
2148	22.2274
2149	22.9373
2150	22.6215
2151	22.1984
2152	22.4199
2153	23.698
2154	22.3287
2155	23.446
2156	23.4525
2157	22.4947
2158	22.6749
2159	22.8622
2160	22.879
2161	22.2111
2162	22.2761
2163	22.8537
2164	23.9257
2165	22.8367
2166	23.5919
2167	22.5255
2168	21.9707
2169	23.099
2170	23.08
2171	22.961
2172	22.9792
2173	23.5215
2174	23.169
2175	25.3097
2176	25.0802
2177	23.1586
2178	22.9095
2179	23.2676
2180	23.2922
2181	25.1647
2182	24.2623
2183	22.6555
2184	23.8705
2185	22.3969
2186	22.8676
2187	25.188
2188	22.7722
2189	22.6743
2190	22.5863
2191	22.48
2192	22.9368
2193	22.7984
2194	22.4669
2195	22.9754
2196	22.8429
2197	22.5552
2198	22.8602
2199	23.2111
2200	24.9086
2201	23.4765
2202	22.6296
2203	24.4294
2204	22.9282
2205	23.5913
2206	23.7904
2207	23.5544
2208	24.0532
2209	23.0025
2210	23.7205
2211	22.7855
2212	23.0877
2213	25.1334
2214	23.277
2215	23
2216	22.8371
2217	23.26
2218	23.2315
2219	22.9202
2220	22.9623
2221	24.4117
2222	24.9722
2223	23.0693
2224	24.4012
2225	24.5111
2226	24.9373
2227	23.4216
2228	25.006
2229	24.5833
2230	23.7357
2231	25.6832
2232	25.8151
2233	25.4542
2234	25.3869
2235	25.2306
2236	25.7268
2237	23.5087
2238	23.0279
2239	22.8486
2240	25.1245
2241	24.9603
2242	23.6595
2243	22.7385
2244	23.2318
2245	23.9913
2246	22.6777
2247	23.2012
2248	23.8769
2249	23.6999
2250	25.5971
2251	23.5887
2252	23.7385
2253	23.8171
2254	23.2592
2255	25.3596
2256	23.3475
2257	24.8086
2258	24.7694
2259	25.2938
2260	25.3477
2261	23.8246
2262	23.3603
2263	24.3236
2264	24.4111
2265	23.9072
2266	25.1916
2267	25.4519
2268	23.8349
2269	25.3907
2270	23.7335
2271	24.9688
2272	25.2
2273	24.4476
2274	24.1078
2275	24.6148
2276	23.8843
2277	25.3478
2278	24.7702
2279	24.5044
2280	24.0123
2281	24.1532
2282	24.0797
2283	23.4362
2284	23.8179
2285	24.176
2286	23.8779
2287	24.4432
2288	23.8744
2289	23.7056
2290	25.1106
2291	24.6225
2292	26.3837
2293	25.207
2294	25.6863
2295	24.7713
2296	24.0351
2297	24.166
2298	26.0111
2299	25.0271
2300	24.4825
2301	24.4429
2302	24.4443
2303	23.5963
2304	24.046
2305	24.2154
2306	24.5925
2307	23.53
2308	23.9112
2309	24.0166
2310	23.9814
2311	24.199
2312	24.8528
2313	25.7598
2314	24.2706
2315	24.9628
2316	25.3974
2317	23.658
2318	24.5681
2319	25.1906
2320	23.4758
2321	24.0526
2322	25.6028
2323	23.6247
2324	23.71
2325	24.1446
2326	26.9629
2327	24.4827
2328	24.4455
2329	24.4387
2330	25.959
2331	24.8718
2332	24.0999
2333	24.4281
2334	26.7762
2335	24.3195
2336	26.652
2337	26.5022
2338	25.6477
2339	26.2341
2340	25.35
2341	24.984
2342	26.5444
2343	24.2886
2344	26.5736
2345	25.785
2346	25.0623
2347	25.0034
2348	25.3471
2349	26.1723
2350	25.7927
2351	25.2028
2352	25.4332
2353	27.097
2354	24.663
2355	25.0595
2356	25.0825
2357	25.334
2358	27.4173
2359	24.7956
2360	24.7599
2361	25.2416
2362	24.131
2363	24.2156
2364	25.1694
2365	25.7247
2366	26.7108
2367	26.518
2368	27.2053
2369	27.552
2370	27.741
2371	25.2121
2372	25.8538
2373	27.3257
2374	26.1858
2375	25.6062
2376	25.8904
2377	25.3395
2378	25.0692
2379	25.5441
2380	26.0724
2381	25.4647
2382	25.7074
2383	25.0586
2384	25.3381
2385	26.3816
2386	25.7562
2387	25.7745
2388	25.8191
2389	27.5798
2390	27.1081
2391	26.0683
2392	25.4165
2393	27.1793
2394	26.5659
2395	25.5659
2396	25.88
2397	25.3352
2398	25.1626
2399	25.6809
2400	25.6328
2401	25.3564
2402	25.5825
2403	26.1104
2404	28.0323
2405	25.681
2406	27.109
2407	24.8306
2408	25.295
2409	25.1904
2410	26.0777
2411	25.9641
2412	25.67
2413	25.4951
2414	25.9427
2415	25.8225
2416	25.7246
2417	25.9964
2418	26.0252
2419	25.9081
2420	27.7693
2421	27.9753
2422	25.8636
2423	25.6064
2424	25.858
2425	27.4225
2426	25.4511
2427	27.1823
2428	25.8789
2429	25.9158
2430	26.1283
2431	26.7807
2432	27.7726
2433	26.3316
2434	28.4406
2435	26.7622
2436	26.9844
2437	25.9193
2438	26.8312
2439	29.2835
2440	30.3476
2441	29.9231
2442	29.4023
2443	28.3146
2444	25.3703
2445	27.8308
2446	27.1596
2447	25.5947
2448	25.4982
2449	25.2812
2450	25.8599
2451	25.9157
2452	26.6372
2453	26.6987
2454	26.7953
2455	26.5124
2456	26.6341
2457	25.6591
2458	25.9698
2459	25.7873
2460	26.3141
2461	26.3899
2462	26.7347
2463	28.859
2464	25.8358
2465	26.5451
2466	26.0993
2467	26.1164
2468	26.935
2469	26.3923
2470	26.4119
2471	26.5055
2472	26.6518
2473	26.3396
2474	26.5175
2475	26.3772
2476	26.6564
2477	26.7426
2478	26.7265
2479	26.7786
2480	26.6201
2481	26.0144
2482	26.0272
2483	26.2178
2484	26.4678
2485	26.043
2486	26.7353
2487	26.7039
2488	26.5253
2489	27.1588
2490	27.8558
2491	27.0089
2492	27.2826
2493	26.7215
2494	27.4041
2495	26.5251
2496	26.5202
2497	26.1644
2498	26.7149
2499	27.1444
2500	27.5814
2501	27.4781
2502	27.2686
2503	27.2614
2504	28.7475
2505	27.9729
2506	27.6891
2507	27.3076
2508	27.5658
2509	27.1781
2510	28.1648
2511	27.1517
2512	28.9063
2513	27.9478
2514	27.7393
2515	27.0107
2516	29.2344
2517	29.7123
2518	28.4257
2519	29.3792
2520	26.7306
2521	27.145
2522	28.9462
2523	29.6711
2524	28.1813
2525	27.124
2526	28.6833
2527	29.1438
2528	27.0599
2529	26.5918
2530	27.436
2531	27.0754
2532	27.3064
2533	28.2119
2534	27.7474
2535	28.2146
2536	29.4254
2537	28.4197
2538	29.0948
2539	28.9877
2540	27.6737
2541	29.0552
2542	29.5038
2543	26.894
2544	27.2496
2545	27.5119
2546	27.3885
2547	27.3728
2548	27.0328
2549	27.2806
2550	27.787
2551	27.3009
2552	28.5284
2553	28.5102
2554	29.4244
2555	29.0056
2556	29.6407
2557	28.8963
2558	27.5306
2559	29.2969
2560	28.8409
2561	29.1986
2562	27.811
2563	29.8027
2564	28.5845
2565	30.5494
2566	29.7038
2567	28.0438
2568	28.4862
2569	28.7533
2570	27.4247
2571	28.088
2572	28.1931
2573	30.2319
2574	28.9811
2575	28.8063
2576	27.3845
2577	28.7391
2578	28.6706
2579	29.1105
2580	30.3221
2581	30.0043
2582	28.1228
2583	29.545
2584	27.7338
2585	29.0876
2586	29.9593
2587	28.9263
2588	28.3342
2589	30.8051
2590	29.2794
2591	31.3014
2592	28.4472
2593	29.4815
2594	28.7072
2595	28.7674
2596	29.6339
2597	29.6437
2598	29.9616
2599	27.2978
2600	29.6921
2601	29.0742
2602	29.997
2603	29.0878
2604	29.658
2605	29.205
2606	29.802
2607	29.139
2608	29.369
2609	29.642
2610	29.28
2611	29.285
2612	29.085
2613	29.5004
2614	29.9996
2615	29.4723
2616	29.2857
2617	29.4318
2618	29.8031
2619	29.124
2620	30.7752
2621	28.4666
2622	29.6642
2623	29.4022
2624	29.4177
2625	29.7747
2626	29.013
2627	30.1599
2628	30.957
2629	30.162
2630	31.0458
2631	31.1487
2632	31.7827
2633	31.5334
2634	29.5
2635	31.1947
2636	30.624
2637	31.1986
2638	31.266
2639	30.4537
2640	28.7079
2641	28.472
2642	31.6854
2643	30.2533
2644	30.4408
2645	30.0904
2646	30.4222
2647	30.1608
2648	30.6476
2649	31.4554
2650	31.9931
2651	31.953
2652	31.177
2653	31.064
2654	30.07
2655	29.6083
2656	30.0329
2657	28.0591
2658	30.5284
2659	28.7682
2660	33.1691
2661	31.7424
2662	34.3061
2663	32.5881
2664	34.1455
2665	34.4076
2666	33.2785
2667	30.8139
2668	28.9992
2669	30.2599
2670	28.3129
2671	30.9559
2672	29.12
2673	29.2385
2674	30.0525
2675	31.9147
2676	29.7284
2677	37.7985
2678	29.4766
2679	30.0399
2680	28.2375
2681	30.604
2682	34.5325
2683	31.5028
2684	30.9119
2685	31.4085
2686	31.4459
2687	33.2722
2688	30.319
2689	31.4738
2690	30.356
2691	31.3333
2692	30.1123
2693	32.6759
2694	31.4118
2695	32.0791
2696	30.5344
2697	31.1922
2698	31.268
2699	30.8662
2700	34.8803
2701	34.6779
2702	30.6335
2703	32.1681
2704	32.2743
2705	30.653
2706	29.9825
2707	30.616
2708	32.4505
2709	30.9153
2710	30.429
2711	30.9196
2712	29.3048
2713	31.0073
2714	35.0855
2715	30.1154
2716	29.9192
2717	30.9779
2718	31.6011
2719	30.6834
2720	29.4972
2721	30.2168
2722	28.8758
2723	30.2746
2724	34.5287
2725	34.1719
2726	34.6685
2727	33.6708
2728	30.4594
2729	31.9934
2730	33.9113
2731	31.3449
2732	33.0152
2733	31.8148
2734	29.4288
2735	29.9811
2736	31.6773
2737	29.7154
2738	34.5061
2739	31.2995
2740	49.0052
2741	30.8776
2742	32.7545
2743	32.372
2744	31.2558
2745	30.2379
2746	31.8106
2747	31.0218
2748	31.3176
2749	32.3599
2750	32.3383
2751	29.4029
2752	31.8224
2753	31.3897
2754	30.2536
2755	30.6571
2756	30.8996
2757	32.5214
2758	32.2434
2759	31.906
2760	32.8236
2761	29.551
2762	42.0544
2763	33.0363
2764	35.5082
2765	33.8387
2766	33.034
2767	33.9844
2768	33.2322
2769	34.8848
2770	39.2709
2771	32.1086
2772	31.3899
2773	33.2732
2774	35.5011
2775	31.0091
2776	49.3845
2777	46.589
2778	45.5384
2779	31.4271
2780	32.1457
2781	33.5977
2782	35.8417
2783	33.8798
2784	33.3257
2785	35.164
2786	34.7516
2787	38.6962
2788	32.7893
2789	34.7515
2790	33.9598
2791	32.2406
2792	34.8617
2793	34.295
2794	33.3079
2795	34.4496
2796	34.5333
2797	33.2004
2798	37.8393
2799	42.9282
2800	51.8292
2801	34.9271
2802	35.7501
2803	34.15
2804	34.095
2805	31.4818
2806	33.0931
2807	33.8476
2808	34.576
2809	32.1598
2810	34.5586
2811	37.5726
2812	33.1899
2813	35.529
2814	34.6144
2815	34.6746
2816	34.9041
2817	38.0265
2818	40.5808
2819	37.8518
2820	35.0714
2821	32.8317
2822	33.3301
2823	33.6893
2824	36.2774
2825	32.6541
2826	31.9009
2827	31.6377
2828	34.2293
2829	37.8193
2830	33.467
2831	32.143
2832	31.2609
2833	36.6024
2834	35.783
2835	39.6718
2836	32.6652
2837	36.3881
2838	33.4934
2839	33.2312
2840	34.7748
2841	35.6243
2842	30.7188
2843	35.377
2844	35.991
2845	35.287
2846	37.4635
2847	35.9362
2848	40.7514
2849	34.3029
2850	32.5758
2851	36.7166
2852	33.4274
2853	32.0023
2854	35.3677
2855	33.9893
2856	38.6673
2857	34.6068
2858	35.1558
2859	36.5647
2860	32.4644
2861	33.4134
2862	37.688
2863	36.9261
2864	34.0851
2865	33.6493
2866	36.0023
2867	33.0925
2868	42.2935
2869	32.843
2870	34.7624
2871	31.9971
2872	35.4096
2873	35.9231
2874	35.4158
2875	33.9504
2876	31.7626
2877	35.0133
2878	38.1742
2879	39.7314
2880	39.1504
2881	36.1261
2882	37.8695
2883	34.9253
2884	37.8513
2885	33.6844
2886	36.7918
2887	35.201
2888	45.0137
2889	39.3121
2890	37.0504
2891	37.2344
2892	36.8206
2893	42.5483
2894	34.2573
2895	39.3764
2896	35.4035
2897	34.8815
2898	34.1544
2899	34.1036
2900	38.202
2901	50.4935
2902	38.3056
2903	38.7085
2904	37.4546
2905	45.5387
2906	46.5129
2907	48.3392
2908	43.7143
2909	44.7562
2910	43.2378
2911	44.338
2912	44.3781
2913	34.0598
2914	33.5357
2915	36.3728
2916	36.2711
2917	34.6896
2918	36.5524
2919	36.9573
2920	35.3892
2921	33.7369
2922	36.0874
2923	34.4679
2924	34.0822
2925	34.0353
2926	35.0792
2927	38.4444
2928	43.4621
2929	34.7158
2930	34.9014
2931	34.7116
2932	34.0715
2933	39.0974
2934	38.1815
2935	38.5549
2936	44.0611
2937	37.9303
2938	42.5157
2939	36.1519
2940	52.3948
2941	35.6367
2942	38.0945
2943	36.8758
2944	37.4467
2945	36.4068
2946	35.6704
2947	43.9602
2948	35.497
2949	40.8491
2950	36.0922
2951	36.7772
2952	35.7169
2953	36.8527
2954	35.9993
2955	38.1815
2956	36.2821
2957	35.2372
2958	36.5815
2959	37.7376
2960	35.2228
2961	37.3577
2962	38.3272
2963	39.9794
2964	35.5733
2965	36.977
2966	35.2295
2967	37.8387
2968	39.611
2969	39.582
2970	39.402
2971	39.025
2972	39.814
2973	40.9869
2974	41.2616
2975	46.7037
2976	39.1653
2977	39.5737
2978	39.085
2979	39.012
2980	39.249
2981	39.159
2982	40.1167
2983	40.8351
2984	36.6359
2985	39.2038
2986	39.3125
2987	47.3989
2988	49.6836
2989	39.041
2990	40.779
2991	40.375
2992	40.348
2993	38.4904
2994	38.6214
2995	39.6445
2996	39.5309
2997	41.2842
2998	37.5655
2999	39.6589
3000	38.7525
3001	40.9684
3002	44.2234
3003	37.437
3004	50.204
3005	40.7939
3006	39.7377
3007	43.225
3008	37.1837
3009	37.4224
3010	38.2879
3011	39.5699
3012	37.9684
3013	37.905
3014	38.928
3015	38.4425
3016	38.1309
3017	38.4903
3018	38.1379
3019	38.463
3020	37.165
3021	37.0823
3022	38.8112
3023	37.4041
3024	39.3523
3025	37.7459
3026	37.6342
3027	37.2208
3028	36.6723
3029	37.7708
3030	37.4405
3031	36.4732
3032	37.8649
3033	41.6895
3034	36.0285
3035	39.2007
3036	36.8618
3037	36.208
3038	37.8957
3039	38.2054
3040	38.2122
3041	37.3393
3042	37.0201
3043	37.9137
3044	40.8021
3045	39.3975
3046	38.9305
3047	42.8252
3048	38.2296
3049	36.841
3050	37.7882
3051	38.7854
3052	38.7604
3053	40.1679
3054	37.9097
3055	38.9579
3056	39.85
3057	40.3013
3058	39.613
3059	38.2107
3060	38.6935
3061	39.0421
3062	39.5755
3063	38.8932
3064	39.0796
3065	39.2255
3066	38.9799
3067	38.5578
3068	38.4276
3069	38.382
3070	38.0552
3071	40.8643
