4096 10
8192 10
12288 10
16384 10
20480 11
24576 9
28672 10
32768 9
36864 9
40960 9
45056 10
49152 9
53248 9
57344 9
61440 9
65536 9
69632 9
73728 9
77824 9
81920 9
86016 10
90112 9
94208 9
98304 9
102400 9
106496 9
110592 9
114688 9
118784 9
122880 9
126976 9
131072 9
135168 9
139264 9
143360 9
147456 9
151552 9
155648 9
159744 9
163840 9
167936 9
172032 9
176128 9
180224 9
184320 9
188416 9
192512 9
196608 9
200704 9
204800 9
208896 9
212992 9
217088 9
221184 9
225280 9
229376 9
233472 9
237568 9
241664 9
245760 9
249856 9
253952 9
258048 9
262144 9
266240 9
270336 9
274432 9
278528 9
282624 9
286720 10
290816 9
294912 9
299008 9
303104 9
307200 9
311296 9
315392 9
319488 9
323584 10
327680 10
331776 10
335872 10
339968 10
344064 10
348160 9
352256 9
356352 9
360448 10
364544 9
368640 9
372736 10
376832 9
380928 9
385024 9
389120 9
393216 9
397312 9
401408 9
405504 9
409600 9
413696 9
417792 9
421888 9
425984 9
430080 9
434176 9
438272 9
442368 9
446464 9
450560 9
454656 9
458752 9
462848 10
466944 10
471040 10
475136 10
479232 9
483328 9
487424 9
491520 9
495616 9
499712 9
503808 9
507904 4
512000 4
516096 4
520192 4
524288 4
528384 4
532480 4
536576 4
540672 4
544768 4
548864 4
552960 4
557056 4
561152 5
565248 4
569344 5
573440 4
577536 5
581632 4
585728 4
589824 4
593920 4
598016 5
602112 5
606208 5
610304 5
614400 4
618496 4
622592 4
626688 4
630784 4
634880 4
638976 4
643072 4
647168 4
651264 4
655360 4
659456 4
663552 4
667648 4
671744 5
675840 4
679936 5
684032 4
688128 4
692224 4
696320 5
700416 4
704512 7
708608 5
712704 4
716800 4
720896 4
724992 4
729088 4
733184 4
737280 5
741376 4
745472 5
749568 4
753664 4
757760 4
761856 4
765952 4
770048 4
774144 5
778240 4
782336 9
786432 4
790528 4
794624 4
798720 4
802816 4
806912 4
811008 4
815104 4
819200 10
823296 5
827392 4
831488 4
835584 4
839680 4
843776 4
847872 4
851968 4
856064 4
860160 4
864256 4
868352 4
872448 4
876544 4
880640 4
884736 4
888832 4
892928 5
897024 5
901120 4
905216 4
909312 4
913408 4
917504 4
921600 4
925696 7
929792 4
933888 4
937984 4
942080 5
946176 4
950272 4
954368 4
958464 5
962560 4
966656 4
970752 4
974848 4
978944 4
983040 4
987136 4
991232 4
995328 4
999424 5
1003520 5
1007616 5
1011712 4
1015808 4
1019904 4
1024000 4
1028096 4
1032192 5
1036288 4
1040384 4
1044480 4
1048576 4
1052672 4
1056768 4
1060864 4
1064960 4
1069056 4
1073152 4
1077248 4
1081344 4
1085440 4
1089536 4
1093632 5
1097728 5
1101824 5
1105920 5
1110016 4
1114112 4
1118208 4
1122304 4
1126400 4
1130496 4
1134592 4
1138688 4
1142784 4
1146880 4
1150976 4
1155072 5
1159168 5
1163264 5
1167360 4
1171456 4
1175552 4
1179648 4
1183744 4
1187840 4
1191936 4
1196032 4
1200128 4
1204224 4
1208320 4
1212416 4
1216512 4
1220608 5
1224704 4
1228800 5
1232896 5
1236992 4
1241088 4
1245184 4
1249280 4
1253376 4
1257472 4
1261568 4
1265664 4
1269760 4
1273856 4
1277952 4
1282048 4
1286144 4
1290240 4
1294336 5
1298432 5
1302528 4
1306624 4
1310720 4
1314816 4
1318912 4
1323008 5
1327104 5
1331200 4
1335296 4
1339392 4
1343488 4
1347584 4
1351680 4
1355776 5
1359872 5
1363968 5
1368064 4
1372160 4
1376256 4
1380352 5
1384448 4
1388544 4
1392640 4
1396736 4
1400832 4
1404928 4
1409024 4
1413120 4
1417216 4
1421312 5
1425408 4
1429504 4
1433600 4
1437696 5
1441792 4
1445888 4
1449984 4
1454080 4
1458176 4
1462272 4
1466368 4
1470464 4
1474560 5
1478656 5
1482752 4
1486848 4
1490944 4
1495040 4
1499136 4
1503232 4
1507328 4
1511424 4
1515520 4
1519616 4
1523712 4
1527808 4
1531904 5
1536000 4
1540096 4
1544192 4
1548288 4
1552384 4
1556480 4
1560576 4
1564672 4
1568768 4
1572864 4
1576960 4
1581056 5
1585152 4
1589248 4
1593344 4
1597440 4
1601536 4
1605632 4
1609728 4
1613824 4
1617920 4
1622016 4
1626112 4
1630208 5
1634304 4
1638400 4
1642496 4
1646592 4
1650688 4
1654784 4
1658880 4
1662976 4
1667072 4
1671168 4
1675264 4
1679360 5
1683456 4
1687552 4
1691648 4
1695744 4
1699840 4
1703936 4
1708032 4
1712128 4
1716224 5
1720320 4
1724416 4
1728512 5
1732608 5
1736704 4
1740800 4
1744896 4
1748992 4
1753088 4
1757184 4
1761280 4
1765376 4
1769472 4
1773568 4
1777664 4
1781760 4
1785856 4
1789952 4
1794048 4
1798144 4
1802240 4
1806336 4
1810432 4
1814528 4
1818624 4
1822720 4
1826816 4
1830912 4
1835008 4
1839104 4
1843200 4
1847296 4
1851392 4
1855488 4
1859584 4
1863680 4
1867776 4
1871872 4
1875968 4
1880064 4
1884160 4
1888256 5
1892352 4
1896448 4
1900544 4
1904640 4
1908736 4
1912832 4
1916928 4
1921024 4
1925120 4
1929216 4
1933312 4
1937408 4
1941504 4
1945600 4
1949696 4
1953792 4
1957888 4
1961984 4
1966080 5
1970176 4
1974272 4
1978368 4
1982464 4
1986560 4
1990656 4
1994752 4
1998848 4
2002944 4
2007040 4
2011136 4
2015232 4
2019328 4
2023424 4
2027520 4
2031616 4
2035712 4
2039808 4
2043904 4
2048000 4
2052096 4
2056192 4
2060288 4
2064384 4
2068480 4
2072576 4
2076672 4
2080768 4
2084864 4
2088960 4
2093056 4
2097152 4
2101248 4
2105344 4
2109440 4
2113536 4
2117632 4
2121728 4
2125824 4
2129920 4
2134016 4
2138112 4
2142208 4
2146304 4
2150400 4
2154496 4
2158592 4
2162688 4
2166784 4
2170880 4
2174976 4
2179072 4
2183168 4
2187264 4
2191360 4
2195456 4
2199552 4
2203648 4
2207744 4
2211840 4
2215936 4
2220032 4
2224128 4
2228224 4
2232320 4
2236416 4
2240512 4
2244608 4
2248704 4
2252800 4
2256896 4
2260992 4
2265088 4
2269184 4
2273280 4
2277376 4
2281472 4
2285568 4
2289664 4
2293760 5
2297856 5
2301952 4
2306048 4
2310144 4
2314240 4
2318336 5
2322432 4
2326528 4
2330624 4
2334720 4
2338816 4
2342912 4
2347008 5
2351104 4
2355200 4
2359296 4
2363392 4
2367488 4
2371584 4
2375680 4
2379776 4
2383872 4
2387968 4
2392064 4
2396160 4
2400256 4
2404352 4
2408448 5
2412544 4
2416640 4
2420736 4
2424832 4
2428928 4
2433024 4
2437120 4
2441216 4
2445312 4
2449408 4
2453504 4
2457600 4
2461696 4
2465792 4
2469888 4
2473984 4
2478080 4
2482176 4
2486272 4
2490368 4
2494464 5
2498560 4
2502656 4
2506752 4
2510848 4
2514944 4
2519040 4
2523136 4
2527232 4
2531328 4
2535424 4
2539520 4
2543616 4
2547712 4
2551808 4
2555904 4
2560000 4
2564096 4
2568192 4
2572288 4
2576384 4
2580480 4
2584576 4
2588672 4
2592768 4
2596864 4
2600960 4
2605056 4
2609152 4
2613248 4
2617344 4
2621440 4
2625536 4
2629632 4
2633728 4
2637824 4
2641920 4
2646016 4
2650112 4
2654208 4
2658304 4
2662400 4
2666496 4
2670592 4
2674688 4
2678784 4
2682880 5
2686976 5
2691072 4
2695168 4
2699264 4
2703360 4
2707456 5
2711552 5
2715648 4
2719744 4
2723840 4
2727936 4
2732032 4
2736128 4
2740224 4
2744320 4
2748416 4
2752512 4
2756608 4
2760704 4
2764800 4
2768896 4
2772992 4
2777088 4
2781184 4
2785280 4
2789376 4
2793472 4
2797568 4
2801664 4
2805760 4
2809856 4
2813952 4
2818048 4
2822144 4
2826240 4
2830336 4
2834432 4
2838528 4
2842624 4
2846720 4
2850816 4
2854912 4
2859008 4
2863104 4
2867200 4
2871296 4
2875392 4
2879488 4
2883584 4
2887680 4
2891776 4
2895872 4
2899968 4
2904064 4
2908160 4
2912256 4
2916352 4
2920448 4
2924544 4
2928640 4
2932736 4
2936832 4
2940928 4
2945024 4
2949120 4
2953216 4
2957312 4
2961408 4
2965504 4
2969600 4
2973696 4
2977792 4
2981888 4
2985984 4
2990080 4
2994176 4
2998272 4
3002368 4
3006464 4
3010560 4
3014656 4
3018752 4
3022848 4
3026944 4
3031040 4
3035136 4
3039232 4
3043328 4
3047424 4
3051520 4
3055616 4
3059712 4
3063808 4
3067904 4
3072000 4
3076096 4
3080192 4
3084288 4
3088384 4
3092480 4
3096576 4
3100672 4
3104768 4
3108864 4
3112960 5
3117056 4
3121152 5
3125248 4
3129344 4
3133440 4
3137536 4
3141632 4
3145728 4
3149824 4
3153920 4
3158016 4
3162112 4
3166208 4
3170304 4
3174400 4
3178496 4
3182592 4
3186688 4
3190784 4
3194880 4
3198976 4
3203072 4
3207168 4
3211264 4
3215360 4
3219456 4
3223552 4
3227648 4
3231744 4
3235840 4
3239936 4
3244032 4
3248128 4
3252224 4
3256320 4
3260416 4
3264512 4
3268608 4
3272704 4
3276800 4
3280896 4
3284992 4
3289088 4
3293184 4
3297280 4
3301376 4
3305472 4
3309568 4
3313664 4
3317760 4
3321856 4
3325952 4
3330048 4
3334144 4
3338240 4
3342336 4
3346432 4
3350528 4
3354624 4
3358720 4
3362816 4
3366912 5
3371008 4
3375104 4
3379200 4
3383296 4
3387392 4
3391488 4
3395584 4
3399680 5
3403776 4
3407872 4
3411968 4
3416064 4
3420160 5
3424256 4
3428352 4
3432448 4
3436544 4
3440640 4
3444736 4
3448832 4
3452928 4
3457024 4
3461120 4
3465216 4
3469312 4
3473408 4
3477504 4
3481600 4
3485696 4
3489792 4
3493888 4
3497984 4
3502080 4
3506176 4
3510272 4
3514368 4
3518464 4
3522560 4
3526656 4
3530752 4
3534848 4
3538944 4
3543040 4
3547136 4
3551232 4
3555328 4
3559424 4
3563520 4
3567616 4
3571712 4
3575808 4
3579904 4
3584000 4
3588096 4
3592192 4
3596288 4
3600384 4
3604480 4
3608576 4
3612672 4
3616768 4
3620864 4
3624960 4
3629056 4
3633152 4
3637248 4
3641344 4
3645440 4
3649536 4
3653632 4
3657728 4
3661824 4
3665920 4
3670016 4
3674112 4
3678208 4
3682304 4
3686400 4
3690496 4
3694592 4
3698688 4
3702784 4
3706880 4
3710976 4
3715072 4
3719168 4
3723264 4
3727360 4
3731456 4
3735552 4
3739648 5
3743744 4
3747840 4
3751936 4
3756032 4
3760128 4
3764224 4
3768320 4
3772416 5
3776512 4
3780608 4
3784704 4
3788800 4
3792896 4
3796992 4
3801088 4
3805184 4
3809280 4
3813376 4
3817472 4
3821568 4
3825664 4
3829760 4
3833856 5
3837952 4
3842048 4
3846144 4
3850240 4
3854336 4
3858432 4
3862528 5
3866624 4
3870720 4
3874816 4
3878912 4
3883008 4
3887104 4
3891200 4
3895296 4
3899392 5
3903488 4
3907584 4
3911680 4
3915776 4
3919872 4
3923968 4
3928064 4
3932160 4
3936256 4
3940352 4
3944448 4
3948544 4
3952640 4
3956736 4
3960832 4
3964928 4
3969024 4
3973120 4
3977216 4
3981312 4
3985408 4
3989504 4
3993600 4
3997696 4
4001792 4
4005888 4
4009984 4
4014080 4
4018176 4
4022272 4
4026368 4
4030464 4
4034560 4
4038656 4
4042752 4
4046848 4
4050944 4
4055040 4
4059136 4
4063232 4
4067328 4
4071424 4
4075520 4
4079616 4
4083712 4
4087808 4
4091904 4
4096000 4
4100096 4
4104192 4
4108288 4
4112384 4
4116480 4
4120576 4
4124672 4
4128768 4
4132864 4
4136960 4
4141056 4
4145152 5
4149248 4
4153344 4
4157440 4
4161536 4
4165632 4
4169728 4
4173824 5
4177920 4
4182016 4
4186112 4
4190208 4
4194304 4
4198400 4
4202496 4
4206592 4
4210688 4
4214784 4
4218880 4
4222976 4
4227072 4
4231168 4
4235264 4
4239360 4
4243456 4
4247552 4
4251648 4
4255744 4
4259840 4
4263936 4
4268032 4
4272128 4
4276224 4
4280320 4
4284416 4
4288512 4
4292608 4
4296704 4
4300800 4
4304896 4
4308992 4
4313088 4
4317184 4
4321280 5
4325376 4
4329472 4
4333568 4
4337664 4
4341760 5
4345856 4
4349952 4
4354048 4
4358144 4
4362240 4
4366336 4
4370432 4
4374528 5
4378624 4
4382720 5
4386816 4
4390912 5
4395008 5
4399104 5
4403200 4
4407296 4
4411392 4
4415488 5
4419584 5
4423680 4
4427776 5
4431872 4
4435968 4
4440064 5
4444160 4
4448256 4
4452352 5
4456448 4
4460544 5
4464640 4
4468736 4
4472832 5
4476928 4
4481024 4
4485120 5
4489216 4
4493312 4
4497408 4
4501504 4
4505600 5
4509696 4
4513792 5
4517888 5
4521984 4
4526080 5
4530176 5
4534272 4
4538368 4
4542464 4
4546560 4
4550656 5
4554752 5
4558848 4
4562944 4
4567040 5
4571136 4
4575232 5
4579328 4
4583424 4
4587520 4
4591616 5
4595712 4
4599808 4
4603904 4
4608000 4
4612096 4
4616192 4
4620288 4
4624384 5
4628480 4
4632576 4
4636672 4
4640768 4
4644864 4
4648960 4
4653056 4
4657152 4
4661248 4
4665344 4
4669440 4
4673536 4
4677632 5
4681728 4
4685824 4
4689920 4
4694016 4
4698112 4
4702208 4
4706304 4
4710400 4
4714496 4
4718592 4
4722688 4
4726784 4
4730880 4
4734976 4
4739072 4
4743168 4
4747264 4
4751360 5
4755456 4
4759552 4
4763648 4
4767744 4
4771840 4
4775936 4
4780032 4
4784128 4
4788224 4
4792320 4
4796416 4
4800512 4
4804608 4
4808704 4
4812800 4
4816896 4
4820992 4
4825088 4
4829184 4
4833280 4
4837376 4
4841472 4
4845568 4
4849664 4
4853760 5
4857856 4
4861952 4
4866048 4
4870144 5
4874240 4
4878336 4
4882432 4
4886528 4
4890624 4
4894720 4
4898816 4
4902912 4
4907008 5
4911104 5
4915200 4
4919296 4
4923392 4
4927488 4
4931584 4
4935680 4
4939776 4
4943872 4
4947968 5
4952064 4
4956160 4
4960256 5
4964352 4
4968448 4
4972544 4
4976640 4
4980736 4
4984832 5
4988928 5
4993024 5
4997120 5
5001216 4
5005312 5
5009408 4
5013504 4
5017600 4
5021696 4
5025792 4
5029888 4
5033984 5
5038080 4
5042176 4
5046272 4
5050368 4
5054464 4
5058560 4
5062656 4
5066752 5
5070848 4
5074944 4
5079040 4
5083136 4
5087232 4
5091328 4
5095424 4
5099520 4
5103616 4
5107712 4
5111808 4
5115904 4
5120000 4
5124096 4
5128192 4
5132288 4
5136384 5
5140480 4
5144576 4
5148672 4
5152768 4
5156864 4
5160960 4
5165056 5
5169152 4
5173248 4
5177344 4
5181440 4
5185536 4
5189632 4
5193728 4
5197824 4
5201920 4
5206016 5
5210112 4
5214208 4
5218304 4
5222400 4
5226496 4
5230592 4
5234688 4
5238784 5
5242880 4
5246976 4
5251072 4
5255168 4
5259264 5
5263360 4
5267456 5
5271552 5
5275648 4
5279744 5
5283840 4
5287936 4
5292032 4
5296128 4
5300224 4
5304320 4
5308416 4
5312512 4
5316608 4
5320704 4
5324800 4
5328896 4
5332992 4
